9
berlin52.tsp
G
10857.1 10174.8 9687.29 10556.7 9858.34 10413.4 11129.4 10276.8 10844 9428.74 
10857.1 10174.8 9687.29 9687.29 9687.29 9687.29 9687.29 9687.29 9687.29 9428.74 
0.00157742
S
10133.3 10809.4 10658.9 9930.82 9671.65 11260.6 11297.4 11512.9 10524.4 11817.9 
10133.3 10133.3 10133.3 9930.82 9671.65 9671.65 9671.65 9671.65 9671.65 9671.65 
0.00194579
st70.tsp
G
1142.14 1177.31 1173.05 1078.1 991.387 1042.12 1117.33 1080.44 1025.37 1115.1 
1142.14 1142.14 1142.14 1078.1 991.387 991.387 991.387 991.387 991.387 991.387 
0.00354108
S
1179.35 1042.86 1112.74 1093.41 1052.5 1022.73 1007.32 1111.14 1016.89 1172.9 
1179.35 1042.86 1042.86 1042.86 1042.86 1022.73 1007.32 1007.32 1007.32 1007.32 
0.00518776
eil76.tsp
G
747.313 831.709 748.701 764.002 742.15 738.423 808.2 745.953 742.035 746.564 
747.313 747.313 747.313 747.313 742.15 738.423 738.423 738.423 738.423 738.423 
0.00432382
S
858.104 724.357 763.56 799.964 865.435 789.084 693.677 754.249 716.052 703.603 
858.104 724.357 724.357 724.357 724.357 724.357 693.677 693.677 693.677 693.677 
0.00663353
rd100.tsp
G
12392.7 15325.8 14228.3 13311.8 12423.9 14550.6 15066.3 13365.8 14867.3 14667.4 
12392.7 12392.7 12392.7 12392.7 12392.7 12392.7 12392.7 12392.7 12392.7 12392.7 
0.0120954
S
14635.6 13941.9 14293.1 15675.4 12845 14782.4 15897.8 12612.3 13863.4 16527.5 
14635.6 13941.9 13941.9 13941.9 12845 12845 12845 12612.3 12612.3 12612.3 
0.0173166
kroA100.tsp
G
32008.4 34427 36657.1 36393.5 37051.5 43101.5 39797 36330.3 40010.5 37801.4 
32008.4 32008.4 32008.4 32008.4 32008.4 32008.4 32008.4 32008.4 32008.4 32008.4 
0.0110752
S
41328.3 39062.4 40318.7 49760.5 45705.8 41645.6 48821.8 40113.5 53618.5 50476.9 
41328.3 39062.4 39062.4 39062.4 39062.4 39062.4 39062.4 39062.4 39062.4 39062.4 
0.0176526
lin105.tsp
G
26950.7 26155.6 27519.7 26421 26653.6 29395.6 29809.8 26790.2 28802.4 24622 
26950.7 26155.6 26155.6 26155.6 26155.6 26155.6 26155.6 26155.6 26155.6 24622 
0.0146301
S
35829.1 31537.7 30450.1 30302.3 32218.2 31840.8 29481.2 28030.2 31001.8 35033 
35829.1 31537.7 30450.1 30302.3 30302.3 30302.3 29481.2 28030.2 28030.2 28030.2 
0.0217245
ch150.tsp
G
10844.2 12023.7 12300.9 11656.3 11185.9 12916.8 12547.1 10448.5 10606 12934.5 
10844.2 10844.2 10844.2 10844.2 10844.2 10844.2 10844.2 10448.5 10448.5 10448.5 
0.0429785
S
12843.7 12000.9 15242.7 13173.4 16013.9 12888.5 12954.1 13108.3 12129.6 13403.7 
12843.7 12000.9 12000.9 12000.9 12000.9 12000.9 12000.9 12000.9 12000.9 12000.9 
0.0660789
pcb442.tsp
G
119965 125639 121298 110889 120791 125933 118061 114912 128798 113284 
119965 119965 119965 110889 110889 110889 110889 110889 110889 110889 
1.378
S
142462 136693 142141 138873 149692 141883 144611 142218 138117 132703 
142462 136693 136693 136693 136693 136693 136693 136693 136693 132703 
2.611
pr1002.tsp
G
783423 719641 791130 772836 794645 755814 786767 731259 872206 815019 
783423 719641 719641 719641 719641 719641 719641 719641 719641 719641 
26.0633
S
1.03713e+006 1.07425e+006 1.06067e+006 1.02311e+006 961250 1.0666e+006 1.02789e+006 1.10239e+006 1.04812e+006 1.12431e+006 
1.03713e+006 1.03713e+006 1.03713e+006 1.02311e+006 961250 961250 961250 961250 961250 961250 
42.1805
