7
300
berlin52.tsp
G
7774.92 7774.92
7774.92 7943.76
7774.92 7934.95
7774.92 8001.82
7774.92 8003.13
7774.92 8004.37
7774.92 8045.94
7774.92 8042.78
7774.92 8072.58
7774.92 8090.69
7774.92 8103.18
7774.92 8100.67
7774.92 8098.33
7774.92 8101.37
7774.92 8105.83
7774.92 8119.72
7774.92 8135.66
7774.92 8146.18
7774.92 8133.36
7774.92 8124.56
7774.92 8133.14
7774.92 8128.98
7735.8 8111.89
7735.8 8109.97
7735.8 8108.04
7735.8 8101.31
7735.8 8095.55
7735.8 8100.39
7735.8 8095.89
7735.8 8095.41
7735.8 8116.45
7735.8 8125.52
7735.8 8115.19
7735.8 8116.36
7735.8 8125.2
7735.8 8133.21
7735.8 8139.97
7735.8 8140.07
7735.8 8132.97
7735.8 8126.27
7735.8 8132.37
7735.8 8132.8
7735.8 8136.31
7735.8 8127.21
7735.8 8132.49
7735.8 8134.09
7735.8 8139.04
7735.8 8148.75
7735.8 8143.38
7735.8 8140.21
7735.8 8144.89
7735.8 8144.03
7735.8 8144.27
7735.8 8152.03
7735.8 8158.35
7735.8 8155.94
7735.8 8158.17
7735.8 8161.23
7735.8 8158.48
7735.8 8155.31
7735.8 8153.99
7735.8 8152.93
7735.8 8151.34
7735.8 8149.79
7735.8 8151.98
7735.8 8152.9
7735.8 8150.3
7735.8 8151.84
7735.8 8148.76
7735.8 8148.58
7735.8 8145.07
7735.8 8140.39
7735.8 8147.76
7735.8 8143.98
7735.8 8149.3
7684.58 8143.19
7684.58 8146.56
7684.58 8144.06
7684.58 8149.5
7684.58 8148.82
7684.58 8151.2
7684.58 8151.93
7684.58 8148.41
7684.58 8150.55
7684.58 8149.16
7684.58 8145.63
7684.58 8146.71
7684.58 8142.01
7684.58 8141.83
7684.58 8140.99
7684.58 8139.72
7684.58 8136.92
7684.58 8135.9
7684.58 8137.14
7684.58 8139.16
7684.58 8138.88
7684.58 8137.51
7684.58 8138.13
7684.58 8140.04
7684.58 8139.44
7684.58 8137.07
7684.58 8134.56
7684.58 8135.29
7684.58 8137.21
7684.58 8136.76
7684.58 8138.45
7684.58 8141.95
7684.58 8141.59
7684.58 8139.56
7684.58 8138.85
7684.58 8141.27
7684.58 8138.77
7684.58 8139.1
7684.58 8136.12
7684.58 8134.96
7684.58 8135.62
7684.58 8134.01
7684.58 8134.16
7684.58 8133.66
7684.58 8134.75
7684.58 8136.11
7684.58 8137.26
7684.58 8138.21
7684.58 8141.11
7684.58 8143.09
7684.58 8142.65
7684.58 8140.62
7684.58 8143.31
7684.58 8145.98
7684.58 8143.32
7684.58 8140.17
7684.58 8140.91
7684.58 8141.87
7684.58 8138.9
7684.58 8137.22
7684.58 8135.39
7684.58 8137.51
7684.58 8139.93
7684.58 8140.35
7544.37 8136.09
7544.37 8135.45
7544.37 8134.8
7544.37 8132.95
7544.37 8130.36
7544.37 8131.05
7544.37 8129.9
7544.37 8131.26
7544.37 8133.68
7544.37 8136.05
7544.37 8136.4
7544.37 8136.96
7544.37 8140.82
7544.37 8139.03
7544.37 8136.99
7544.37 8136.79
7544.37 8138.3
7544.37 8138.78
7544.37 8138.4
7544.37 8139.15
7544.37 8141.2
7544.37 8140.67
7544.37 8139.76
7544.37 8142.3
7544.37 8139.68
7544.37 8139.59
7544.37 8138.9
7544.37 8139.42
7544.37 8138.96
7544.37 8140.34
7544.37 8139.81
7544.37 8140.92
7544.37 8144.41
7544.37 8143.47
7544.37 8144.49
7544.37 8144.5
7544.37 8146.75
7544.37 8148.91
7544.37 8149.45
7544.37 8151.49
7544.37 8150.4
7544.37 8151.29
7544.37 8150.55
7544.37 8151.8
7544.37 8152.13
7544.37 8154.22
7544.37 8155.32
7544.37 8153.85
7544.37 8154.68
7544.37 8155.7
7544.37 8156.74
7544.37 8156.62
7544.37 8157.63
7544.37 8157.72
7544.37 8156.96
7544.37 8155.8
7544.37 8157.46
7544.37 8156
7544.37 8158.55
7544.37 8156.87
7544.37 8156.38
7544.37 8156.82
7544.37 8159.81
7544.37 8157.86
7544.37 8157.35
7544.37 8157.27
7544.37 8155.98
7544.37 8155.58
7544.37 8153.86
7544.37 8154.43
7544.37 8154.66
7544.37 8155.3
7544.37 8155.62
7544.37 8155.1
7544.37 8153.18
7544.37 8154.09
7544.37 8152.9
7544.37 8154.14
7544.37 8154.35
7544.37 8154.24
7544.37 8153.48
7544.37 8152.43
7544.37 8153.72
7544.37 8153.6
7544.37 8155.05
7544.37 8154.71
7544.37 8153.97
7544.37 8154.65
7544.37 8155.28
7544.37 8156.47
7544.37 8156.53
7544.37 8156.44
7544.37 8155.85
7544.37 8155.04
7544.37 8154.16
7544.37 8153.35
7544.37 8154.5
7544.37 8154.39
7544.37 8155.84
7544.37 8155.26
7544.37 8155.28
7544.37 8156.28
7544.37 8155.67
7544.37 8155.53
7544.37 8156.31
7544.37 8154.59
7544.37 8155.58
7544.37 8155.56
7544.37 8155.24
7544.37 8154.08
7544.37 8153.97
7544.37 8153.66
7544.37 8154.19
7544.37 8154.09
7544.37 8154.81
7544.37 8154.75
7544.37 8155.67
7544.37 8155.92
7544.37 8155.17
7544.37 8155.16
7544.37 8157.26
7544.37 8156.23
7544.37 8155.93
7544.37 8157.04
7544.37 8156.14
7544.37 8155.89
7544.37 8154.99
7544.37 8157
7544.37 8157.49
7544.37 8158.25
7544.37 8158.95
7544.37 8158.85
7544.37 8158.1
7544.37 8157.11
7544.37 8156.68
7544.37 8157.99
7544.37 8159.25
7544.37 8158.93
7544.37 8159.54
7544.37 8159.35
7544.37 8160.4
7544.37 8161.34
7544.37 8162.07
7544.37 8162.52
7544.37 8161.56
7544.37 8161.78
7544.37 8161.23
7544.37 8161.38
7544.37 8161.11
7544.37 8160.73
7544.37 8160.42
7544.37 8160.59
7544.37 8160.34
7544.37 8159.62
7544.37 8159.91
7544.37 8159.32
7544.37 8159.02
7544.37 8157.37
7544.37 8158.08
7544.37 8158.74
7544.37 8159.13
S
8038.03 8038.03
8038.03 8057.06
8038.03 8276.35
7736.35 8141.35
7736.35 8107.46
7736.35 8112.49
7736.35 8130.48
7736.35 8151.13
7736.35 8142.95
7736.35 8143.41
7736.35 8135.85
7736.35 8109.23
7736.35 8132.21
7736.35 8130.33
7736.35 8115.23
7736.35 8116.17
7736.35 8112.57
7736.35 8096.42
7736.35 8103.58
7736.35 8110.03
7736.35 8122.15
7736.35 8108.92
7736.35 8110.47
7736.35 8125.27
7713.03 8108.78
7713.03 8106.1
7713.03 8120.67
7713.03 8124.73
7713.03 8118.25
7713.03 8111.47
7713.03 8112.55
7713.03 8118.65
7713.03 8116.24
7713.03 8112.51
7713.03 8106.08
7713.03 8113.43
7713.03 8118.26
7713.03 8121.4
7713.03 8117.05
7713.03 8108.05
7713.03 8104.65
7713.03 8110.96
7713.03 8115.92
7713.03 8114.36
7713.03 8112.64
7544.37 8100.29
7544.37 8107.39
7544.37 8107.06
7544.37 8105.55
7544.37 8108.79
7544.37 8103.67
7544.37 8101.2
7544.37 8096.33
7544.37 8097.16
7544.37 8099.2
7544.37 8095.91
7544.37 8100.92
7544.37 8099.49
7544.37 8099.85
7544.37 8093.52
7544.37 8093.32
7544.37 8090
7544.37 8088.49
7544.37 8084.32
7544.37 8082.68
7544.37 8086.36
7544.37 8085.85
7544.37 8087.56
7544.37 8090.3
7544.37 8088.96
7544.37 8086.92
7544.37 8088.86
7544.37 8085.41
7544.37 8092.41
7544.37 8093.95
7544.37 8095.06
7544.37 8098.33
7544.37 8100.09
7544.37 8102.05
7544.37 8105.8
7544.37 8106.49
7544.37 8111.62
7544.37 8111.22
7544.37 8113.62
7544.37 8114.32
7544.37 8118.84
7544.37 8120.99
7544.37 8119.15
7544.37 8119.18
7544.37 8118.37
7544.37 8116.14
7544.37 8114.16
7544.37 8109.78
7544.37 8108.96
7544.37 8111.69
7544.37 8109.46
7544.37 8111.14
7544.37 8114.69
7544.37 8112.67
7544.37 8110.87
7544.37 8110.16
7544.37 8107.24
7544.37 8105.92
7544.37 8107.51
7544.37 8104.95
7544.37 8104.5
7544.37 8103.39
7544.37 8109.94
7544.37 8108.79
7544.37 8107.39
7544.37 8109.8
7544.37 8105.23
7544.37 8103.36
7544.37 8105.16
7544.37 8102.6
7544.37 8104.6
7544.37 8105
7544.37 8104.59
7544.37 8104.67
7544.37 8105.7
7544.37 8105.82
7544.37 8105.42
7544.37 8105.55
7544.37 8105.51
7544.37 8105.35
7544.37 8108.55
7544.37 8109.94
7544.37 8108.08
7544.37 8107.68
7544.37 8110.56
7544.37 8116.46
7544.37 8115.26
7544.37 8114.24
7544.37 8112.71
7544.37 8113.01
7544.37 8112.46
7544.37 8113.1
7544.37 8113.35
7544.37 8113.97
7544.37 8115.95
7544.37 8118.88
7544.37 8118.73
7544.37 8116.88
7544.37 8118.16
7544.37 8120.45
7544.37 8121.6
7544.37 8121.12
7544.37 8122.68
7544.37 8121.85
7544.37 8119.62
7544.37 8119.97
7544.37 8118.43
7544.37 8122.61
7544.37 8123.33
7544.37 8124.7
7544.37 8124.91
7544.37 8123.91
7544.37 8122.96
7544.37 8124.29
7544.37 8124.73
7544.37 8125.6
7544.37 8125.24
7544.37 8124.46
7544.37 8124.4
7544.37 8123.94
7544.37 8123.28
7544.37 8123.76
7544.37 8125.08
7544.37 8124.87
7544.37 8123.76
7544.37 8126.13
7544.37 8125.77
7544.37 8127.87
7544.37 8127.68
7544.37 8129.9
7544.37 8126.57
7544.37 8126.14
7544.37 8124.39
7544.37 8124
7544.37 8123.6
7544.37 8123.72
7544.37 8125.48
7544.37 8128.85
7544.37 8128.76
7544.37 8129.92
7544.37 8130.75
7544.37 8127.61
7544.37 8126.07
7544.37 8127.57
7544.37 8127.48
7544.37 8127.48
7544.37 8128.81
7544.37 8125.79
7544.37 8127.09
7544.37 8129.56
7544.37 8129.36
7544.37 8129.1
7544.37 8128.84
7544.37 8128.62
7544.37 8127.54
7544.37 8126.86
7544.37 8126.65
7544.37 8125.7
7544.37 8125.39
7544.37 8127.44
7544.37 8128.57
7544.37 8129.69
7544.37 8128.25
7544.37 8127.84
7544.37 8129.11
7544.37 8127.37
7544.37 8129.32
7544.37 8129.91
7544.37 8129.39
7544.37 8128.59
7544.37 8128.95
7544.37 8129.77
7544.37 8128.43
7544.37 8126.6
7544.37 8126.04
7544.37 8126.79
7544.37 8126.22
7544.37 8125.88
7544.37 8125.1
7544.37 8124.45
7544.37 8123.92
7544.37 8124
7544.37 8125.1
7544.37 8125.48
7544.37 8125.01
7544.37 8125.04
7544.37 8125.46
7544.37 8125.75
7544.37 8125.87
7544.37 8126.06
7544.37 8125.74
7544.37 8126.11
7544.37 8127.13
7544.37 8127.35
7544.37 8127.82
7544.37 8128.42
7544.37 8127.87
7544.37 8127.37
7544.37 8127.83
7544.37 8126.58
7544.37 8126.41
7544.37 8126.52
7544.37 8126.85
7544.37 8126.83
7544.37 8127.81
7544.37 8127.53
7544.37 8127.97
7544.37 8128.31
7544.37 8128.11
7544.37 8127.34
7544.37 8126.76
7544.37 8126.38
7544.37 8126.76
7544.37 8126.38
7544.37 8127.29
7544.37 8128.14
7544.37 8128.5
7544.37 8128.52
7544.37 8128.48
7544.37 8128.58
7544.37 8127.79
7544.37 8127.81
7544.37 8126.73
7544.37 8126.07
7544.37 8125.34
7544.37 8124.12
7544.37 8122.96
7544.37 8122.51
7544.37 8121.72
7544.37 8121.23
7544.37 8122.06
7544.37 8122.92
7544.37 8122.19
7544.37 8122.62
7544.37 8123.05
7544.37 8124.19
7544.37 8125.11
7544.37 8127.07
7544.37 8127.12
7544.37 8126.92
7544.37 8127.47
7544.37 8127.56
7544.37 8127.3
7544.37 8128.3
7544.37 8128.14
7544.37 8128.8
7544.37 8128.39
7544.37 8127.6
7544.37 8128.13
7544.37 8126.78
7544.37 8126.04
7544.37 8125.82
7544.37 8126.16
7544.37 8125.75
7544.37 8123.81
st70.tsp
G
704.817 704.817
704.817 716.423
704.817 713.846
704.817 717.041
704.817 717.19
690.776 712.788
690.776 714.24
690.776 712.28
690.776 710.827
688.192 708.563
688.192 708.502
688.192 708.19
688.192 707.194
688.192 707.266
688.192 707.103
688.192 706.768
688.192 706.907
688.192 706.447
688.192 707.494
688.192 707.285
688.192 706.685
688.192 706.601
688.192 705.927
688.192 705.661
688.192 706.548
688.192 706.549
688.192 706.474
688.192 706.327
688.192 706.355
688.192 707.115
688.192 708.46
688.192 708.552
688.192 708.366
688.192 708.11
688.192 708.407
688.192 708.113
688.192 708.185
688.192 708.392
688.192 708.184
688.192 708.287
688.192 708.065
688.192 707.602
688.192 707.611
688.192 707.569
688.192 707.962
688.192 707.584
687.072 707.147
687.072 707.533
687.072 707.204
687.072 707.869
687.072 708.123
687.072 708.866
687.072 709.444
687.072 709.549
687.072 709.704
687.072 709.393
687.072 709.405
687.072 709.128
687.072 709.656
687.072 709.587
687.072 709.709
687.072 709.503
687.072 709.574
687.072 709.791
687.072 710.156
687.072 710.208
687.072 710.104
687.072 710.454
687.072 710.756
687.072 710.62
687.072 710.737
687.072 711.127
687.072 711.219
687.072 711.05
687.072 710.903
687.072 710.738
687.072 711.069
687.072 711.365
687.072 711.408
687.072 711.397
687.072 711.586
687.072 711.894
687.072 712.161
687.072 712.286
687.072 712.622
687.072 712.55
687.072 712.805
687.072 713.103
687.072 713.209
687.072 712.947
687.072 712.74
687.072 712.669
687.072 712.488
687.072 712.493
687.072 712.372
686.411 712.102
686.411 712.007
686.411 711.766
686.411 711.829
686.411 711.87
686.411 711.814
686.411 711.743
686.411 711.863
686.411 711.698
686.411 712.023
686.411 712.12
686.411 712.47
686.411 712.514
686.411 712.548
685.9 712.306
685.9 712.317
685.9 712.195
685.9 712.062
685.9 712.038
685.9 712.005
685.9 712.037
685.9 711.996
685.9 711.835
685.9 712.106
685.9 712.032
685.9 712.114
685.9 712.056
685.9 712.108
685.9 712.061
685.9 711.978
685.9 712.113
685.9 712.141
685.9 712.353
685.9 712.384
685.9 712.234
685.9 712.314
685.9 712.36
685.9 712.364
685.9 712.266
685.9 712.27
685.9 712.394
685.9 712.376
685.9 712.313
685.9 712.332
685.9 712.468
685.9 712.457
685.9 712.411
685.9 712.586
685.9 712.872
685.9 712.995
685.9 713.059
684.114 712.862
684.114 712.764
684.114 712.61
684.114 712.582
684.114 712.733
684.114 712.601
684.114 712.85
684.114 712.897
684.114 712.922
684.114 712.857
684.114 713.045
684.114 713.249
684.114 713.09
684.114 713.037
684.114 713.018
684.114 712.938
684.114 713.042
684.114 713.166
684.114 713.34
684.114 713.225
684.114 713.295
684.114 713.273
684.114 713.457
684.114 713.374
684.114 713.603
684.114 713.582
684.114 713.649
684.114 713.516
684.114 713.399
684.114 713.309
684.114 713.374
684.114 713.3
684.114 713.219
684.114 713.091
684.114 713.142
684.114 713.425
684.114 713.464
684.114 713.367
684.114 713.298
684.114 713.248
684.114 713.203
684.114 713.197
684.114 713.208
684.114 713.185
684.114 713.137
684.114 713.056
684.114 713.141
684.114 713.017
684.114 713.079
684.114 712.987
684.114 712.953
684.114 712.89
684.114 712.88
684.114 712.963
684.114 713.007
684.114 712.993
684.114 712.958
684.114 712.986
684.114 712.998
684.114 713.134
684.114 713.065
684.114 713.136
684.114 713.234
684.114 713.242
684.114 713.22
684.114 713.296
684.114 713.272
684.114 713.307
684.114 713.248
684.114 713.226
684.114 713.229
684.114 713.159
684.114 713.058
684.114 713.067
684.114 713.018
684.114 713.024
684.114 713.166
684.114 713.257
684.114 713.214
684.114 713.251
684.114 713.189
684.114 713.155
684.114 713.075
684.114 712.967
684.114 712.963
684.114 713.08
684.114 712.984
684.114 712.929
684.114 712.849
684.114 712.825
684.114 712.788
684.114 712.784
684.114 712.861
684.114 712.906
684.114 713.076
684.114 713.019
684.114 713.034
684.114 713.042
684.114 713.092
684.114 713.084
684.114 713.071
684.114 713.043
684.114 713.042
684.114 713.19
684.114 713.326
684.114 713.379
684.114 713.378
684.114 713.348
684.114 713.33
684.114 713.388
684.114 713.438
684.114 713.344
684.114 713.422
684.114 713.436
684.114 713.396
684.114 713.372
684.114 713.458
684.114 713.469
684.114 713.493
684.114 713.466
684.114 713.459
684.114 713.397
684.114 713.316
684.114 713.338
684.114 713.335
684.114 713.289
684.114 713.212
684.114 713.191
684.114 713.25
684.114 713.197
684.114 713.096
684.114 713.172
684.114 713.177
684.114 713.305
684.114 713.399
684.114 713.437
684.114 713.421
684.114 713.426
684.114 713.459
684.114 713.543
684.114 713.515
684.114 713.594
684.114 713.581
684.114 713.582
684.114 713.534
684.114 713.484
684.114 713.421
684.114 713.328
684.114 713.376
684.114 713.421
684.114 713.358
684.114 713.277
684.114 713.227
684.114 713.256
S
699.197 699.197
699.197 716.976
699.197 718.672
699.197 720.735
699.197 721.712
699.197 718.205
699.197 719.226
698.065 716.581
698.065 716.734
695.718 714.632
695.718 715.383
695.718 716.688
695.718 719.521
695.718 720.06
695.718 720.314
695.718 720.154
695.718 719.907
695.718 718.703
695.718 718.233
695.718 718.461
695.718 718.811
695.718 719.64
695.718 719.108
695.718 718.521
692.204 717.468
692.204 718.747
692.204 719.219
692.204 719.495
692.204 720.191
692.204 721.378
692.204 721.134
692.204 721.03
692.204 720.215
692.204 720.61
692.204 720.975
692.204 720.225
692.204 720.8
692.204 720.738
692.204 720.981
692.204 720.886
692.204 720.379
692.204 720.528
692.204 720.536
692.204 720.372
692.204 720.412
692.204 720.1
692.204 720.005
692.204 720.008
692.204 719.954
692.204 719.847
692.204 719.762
692.204 719.9
692.204 720.022
692.204 720.235
692.204 719.988
692.204 720.177
692.204 720.105
692.204 720.462
692.204 720.061
692.204 720.334
692.204 720.495
692.204 720.588
692.204 721.114
692.204 720.761
688.645 720.267
688.645 719.935
688.645 720.838
688.645 720.696
682.151 720.137
682.151 720.128
682.151 720.035
682.151 719.957
682.151 719.698
682.151 719.665
682.151 719.893
682.151 720.15
682.151 719.792
682.151 719.875
682.151 719.57
682.151 719.406
682.151 719.245
682.151 718.964
682.151 718.972
682.151 719.19
682.151 719.181
682.151 718.994
682.151 719.171
682.151 718.835
682.151 718.953
682.151 718.793
682.151 718.871
682.151 718.731
682.151 718.507
682.151 718.999
682.151 719.081
682.151 719.128
682.151 718.975
682.151 719.096
682.151 719.117
682.151 719.401
682.151 719.686
682.151 719.583
682.151 719.396
682.151 719.43
682.151 719.526
682.151 719.522
682.151 719.579
682.151 719.571
682.151 719.578
682.151 719.537
682.151 719.635
682.151 719.475
682.151 719.533
682.151 719.478
682.151 719.487
682.151 719.492
682.151 719.604
682.151 719.657
682.151 719.56
682.151 719.252
682.151 719.134
682.151 719.111
682.151 718.89
682.151 718.956
682.151 718.972
682.151 718.797
682.151 718.764
682.151 718.655
682.151 718.429
682.151 718.607
682.151 718.661
682.151 718.462
682.151 718.287
682.151 718.184
682.151 718.164
682.151 718.414
682.151 718.308
682.151 718.312
682.151 718.151
682.151 718.092
682.151 718.016
682.151 717.914
682.151 718.132
682.151 718.112
682.151 718.105
682.151 718.113
682.151 718.025
682.151 717.852
682.151 717.935
682.151 717.889
682.151 717.805
682.151 717.715
682.151 717.5
682.151 717.364
682.151 717.396
682.151 717.609
682.151 717.581
682.151 717.675
682.151 717.674
682.151 717.459
682.151 717.582
682.151 717.562
682.151 717.43
682.151 717.381
682.151 717.54
682.151 717.444
682.151 717.43
682.151 717.267
682.151 717.126
682.151 717.238
682.151 717.317
682.151 717.118
682.151 717.052
682.151 716.96
682.151 716.876
682.151 716.75
682.151 716.859
682.151 716.99
682.151 717.082
682.151 717.318
682.151 717.219
682.151 717.361
682.151 717.285
682.151 717.368
682.151 717.483
682.151 717.43
682.151 717.334
682.151 717.364
682.151 717.258
682.151 717.525
682.151 717.547
682.151 717.69
682.151 717.871
682.151 717.915
682.151 717.847
682.151 717.805
682.151 717.775
682.151 717.702
682.151 717.659
682.151 717.621
682.151 717.503
682.151 717.515
682.029 717.34
682.029 717.32
682.029 717.364
682.029 717.357
682.029 717.383
682.029 717.317
682.029 717.237
682.029 717.431
682.029 717.38
682.029 717.312
682.029 717.41
682.029 717.299
682.029 717.265
682.029 717.147
682.029 717.069
682.029 717.03
682.029 717.053
682.029 717.073
682.029 717.254
682.029 717.198
682.029 717.183
682.029 717.289
682.029 717.21
682.029 717.325
682.029 717.231
682.029 717.236
682.029 717.169
682.029 717.202
682.029 717.113
682.029 717.116
682.029 717.184
682.029 717.284
682.029 717.32
682.029 717.325
682.029 717.346
682.029 717.304
682.029 717.374
678.989 717.214
678.989 717.151
678.989 717.087
678.989 717.154
678.989 717.15
678.989 717.072
678.989 717.033
678.989 717.026
678.989 717.063
678.989 716.964
678.989 717.033
678.989 717.13
678.989 717.111
678.989 717.033
678.989 717.099
678.989 717.255
678.989 717.181
678.989 717.191
678.989 717.218
678.989 717.202
678.989 717.093
678.989 717.125
678.989 717.042
678.989 717.132
678.989 717.16
678.989 717.143
678.989 717.135
678.989 717.179
678.989 717.145
678.989 717.083
678.989 717.069
678.989 717.144
678.989 717.06
678.989 717.007
678.989 716.972
678.989 717.024
678.989 717.041
678.989 717.073
678.989 717.117
678.989 717.057
678.989 716.987
678.989 717.034
678.989 717.044
678.989 717.108
678.989 717.172
678.989 717.056
678.989 717.25
678.989 717.288
678.989 717.356
678.989 717.319
678.989 717.388
678.989 717.439
678.989 717.397
678.989 717.334
678.989 717.299
678.989 717.434
678.989 717.49
678.989 717.521
678.989 717.426
678.989 717.42
678.989 717.365
eil76.tsp
G
570.945 570.945
570.945 573.261
570.945 574.61
570.945 578.011
570.945 581.828
562.954 578.683
562.954 576.779
562.954 577.461
562.954 577.175
562.954 578.704
562.954 579.962
562.954 583.383
562.954 584.048
562.954 584.375
562.617 582.925
562.617 583.731
562.617 584.108
562.617 583.203
562.617 583.131
562.617 583.066
562.617 582.121
562.617 582.163
562.617 581.704
562.617 581.307
562.617 581.931
562.617 582.262
562.617 581.791
562.617 582.256
562.617 582.006
562.617 582.137
562.617 581.952
562.617 581.738
562.617 581.64
562.617 581.715
562.617 581.608
562.617 581.135
562.617 581.185
562.617 581.152
562.617 581.225
562.617 581.479
561.148 580.983
561.148 580.709
561.148 580.819
561.148 580.712
561.148 580.435
561.148 580.479
561.148 580.904
561.148 580.603
561.148 580.816
561.148 580.635
561.148 580.582
561.148 580.445
561.148 580.961
561.148 580.755
561.148 580.633
561.148 580.682
561.148 580.963
559.094 580.586
559.094 580.521
559.094 580.625
559.094 580.49
559.094 580.772
559.094 580.672
559.094 580.88
559.094 580.629
559.094 580.446
559.094 580.251
559.094 580.168
559.094 580.214
559.094 580.221
559.094 580.272
559.094 580.185
559.094 579.932
559.094 579.765
559.094 579.617
559.094 579.743
559.094 580.025
559.094 580.057
559.094 580.104
559.094 579.889
559.094 579.79
559.094 579.813
559.094 579.904
559.094 579.827
559.094 580.016
559.094 579.995
559.094 580.159
559.094 580.007
559.094 580.221
559.094 580.166
559.094 580.347
559.094 580.362
559.094 580.427
559.094 580.309
559.094 580.279
559.094 580.425
559.094 580.372
559.094 580.35
559.094 580.341
559.094 580.144
559.094 580.199
559.094 580.179
559.094 580.243
559.094 580.264
559.094 580.108
559.094 580.134
559.094 580.122
559.094 580.058
559.094 579.983
559.094 580.134
559.094 580.127
559.094 579.987
559.094 580.026
559.094 579.971
559.094 580.008
559.094 579.964
559.094 579.916
559.094 579.884
559.094 579.832
559.094 580.018
559.094 579.916
559.094 579.922
559.094 579.864
559.094 579.839
559.094 579.737
559.094 579.737
559.094 579.733
559.094 579.716
559.094 579.71
559.094 579.564
559.094 579.46
559.094 579.321
559.094 579.331
559.094 579.27
559.094 579.184
559.094 579.179
559.094 579.27
559.094 579.155
559.094 579.312
559.094 579.508
559.094 579.443
559.094 579.492
559.094 579.506
559.094 579.419
559.094 579.398
559.094 579.465
559.094 579.373
559.094 579.505
559.094 579.474
559.094 579.461
559.094 579.401
559.094 579.402
559.094 579.415
559.094 579.406
559.094 579.297
559.094 579.255
559.094 579.214
559.094 579.182
559.094 579.194
559.094 579.191
559.094 579.172
559.094 579.155
559.094 579.112
559.094 579.11
559.094 579.113
559.094 579.207
559.094 579.229
559.094 579.203
559.094 579.249
559.094 579.267
559.094 579.445
559.094 579.417
559.094 579.372
559.094 579.425
559.094 579.434
559.094 579.416
559.094 579.379
559.094 579.336
559.094 579.368
559.094 579.44
559.094 579.485
559.094 579.455
559.094 579.472
559.094 579.464
559.094 579.517
559.094 579.543
559.094 579.473
559.094 579.523
559.094 579.548
559.094 579.526
559.094 579.534
559.094 579.479
559.094 579.51
559.094 579.523
559.094 579.591
559.094 579.586
559.094 579.553
559.094 579.625
559.094 579.584
559.094 579.548
559.094 579.51
559.094 579.505
559.094 579.521
559.094 579.508
559.094 579.477
559.094 579.561
559.094 579.586
559.094 579.489
559.094 579.446
559.094 579.376
559.094 579.421
559.094 579.495
559.094 579.551
559.094 579.48
559.094 579.534
559.094 579.507
559.094 579.519
559.094 579.558
559.094 579.499
559.094 579.546
559.094 579.604
559.094 579.628
559.094 579.615
559.094 579.607
559.094 579.641
559.094 579.67
559.094 579.587
559.094 579.613
559.094 579.609
559.094 579.66
559.094 579.572
559.094 579.543
559.094 579.579
559.094 579.52
559.094 579.507
559.094 579.618
559.094 579.623
559.094 579.689
559.094 579.79
559.094 579.882
559.094 579.897
559.094 579.899
559.094 579.867
559.094 579.821
559.094 579.779
559.094 579.806
559.094 579.777
559.094 579.785
559.094 579.79
559.094 579.734
559.094 579.683
559.094 579.74
559.094 579.729
559.094 579.727
559.094 579.669
559.094 579.685
559.094 579.658
559.094 579.613
559.094 579.648
559.094 579.586
559.094 579.615
559.094 579.63
559.094 579.656
559.094 579.594
559.094 579.629
559.094 579.669
559.094 579.67
559.094 579.65
559.094 579.692
559.094 579.698
559.094 579.739
559.094 579.771
559.094 579.702
559.094 579.743
559.094 579.763
559.094 579.769
559.094 579.772
559.094 579.83
559.094 579.832
559.094 579.814
559.094 579.913
559.094 579.932
559.094 579.927
559.094 579.964
559.094 579.955
559.094 579.955
559.094 579.945
559.094 579.945
559.094 579.985
559.094 579.916
559.094 579.871
559.094 579.834
559.094 579.841
559.094 579.845
559.094 579.861
559.094 579.895
559.094 579.896
559.094 579.851
559.094 579.843
559.094 579.839
S
594.56 594.56
585.464 590.012
578.161 586.062
578.161 587.654
578.161 587.495
575.52 585.499
575.52 584.482
575.52 585.271
571.365 583.726
571.365 585.407
571.365 585.573
571.365 585.741
571.365 586.987
571.365 586.94
571.365 587.215
569.345 586.098
569.345 585.658
569.345 586.542
569.254 585.632
569.254 586.883
567.588 585.964
567.588 585.528
567.588 585.966
567.588 585.821
567.588 585.608
567.588 585.654
563.011 584.815
563.011 584.217
563.011 584.111
563.011 584.127
563.011 584.388
563.011 584.375
563.011 584.695
563.011 585.291
563.011 585.048
563.011 584.812
563.011 584.827
563.011 585.126
563.011 585.552
563.011 585.938
563.011 585.5
563.011 585.627
563.011 585.567
563.011 585.582
563.011 585.72
563.011 585.538
563.011 585.4
563.011 585.004
563.011 585.126
563.011 584.839
563.011 585.16
563.011 584.806
563.011 584.791
563.011 584.446
563.011 584.512
563.011 584.696
563.011 585.055
563.011 585.345
563.011 585.5
563.011 585.399
563.011 585.312
563.011 585.245
563.011 585.749
563.011 585.885
563.011 585.736
563.011 585.841
563.011 585.916
563.011 585.932
563.011 585.966
563.011 586.439
563.011 586.542
563.011 586.37
563.011 586.519
563.011 586.24
563.011 586.509
563.011 586.572
563.011 586.704
563.011 586.648
563.011 586.413
563.011 586.388
563.011 586.64
563.011 586.78
563.011 586.88
563.011 586.767
563.011 586.696
563.011 586.44
563.011 586.402
563.011 586.471
563.011 586.411
563.011 586.267
563.011 586.295
563.011 586.362
563.011 586.408
563.011 586.358
563.011 586.463
563.011 586.389
563.011 586.345
563.011 586.437
563.011 586.46
563.011 586.629
563.011 586.494
563.011 586.437
563.011 586.564
563.011 586.515
563.011 586.374
563.011 586.457
563.011 586.545
563.011 586.517
563.011 586.401
563.011 586.49
563.011 586.43
563.011 586.395
563.011 586.516
563.011 586.855
563.011 586.754
563.011 586.673
563.011 586.689
563.011 586.665
563.011 586.546
563.011 586.585
563.011 586.484
563.011 586.755
563.011 586.791
563.011 587.066
563.011 587.003
563.011 586.901
563.011 586.83
563.011 586.89
563.011 586.904
563.011 586.815
563.011 586.809
563.011 586.881
563.011 586.874
563.011 586.923
563.011 587
563.011 586.925
563.011 586.901
563.011 586.874
563.011 586.834
563.011 586.879
563.011 586.878
563.011 586.84
563.011 586.908
563.011 586.959
563.011 587.037
563.011 587.116
563.011 587.06
563.011 587.047
563.011 587.095
563.011 587.041
563.011 587.032
563.011 587.043
563.011 587.033
563.011 587.101
563.011 587.046
563.011 587.066
563.011 587.024
563.011 586.955
563.011 586.916
563.011 586.946
563.011 587.04
563.011 587.043
563.011 587.056
563.011 587.107
563.011 587.056
563.011 587.065
563.011 586.992
563.011 586.982
563.011 587.061
563.011 587.137
563.011 587.123
563.011 587.095
563.011 587.114
563.011 587.143
563.011 587.22
563.011 587.28
563.011 587.25
563.011 587.281
563.011 587.29
563.011 587.333
563.011 587.269
563.011 587.297
563.011 587.329
563.011 587.31
563.011 587.362
563.011 587.398
563.011 587.373
563.011 587.376
563.011 587.425
563.011 587.392
563.011 587.426
563.011 587.361
563.011 587.39
563.011 587.387
563.011 587.438
563.011 587.43
563.011 587.434
563.011 587.398
563.011 587.416
563.011 587.483
563.011 587.503
563.011 587.482
563.011 587.549
563.011 587.557
563.011 587.576
563.011 587.542
563.011 587.499
563.011 587.502
563.011 587.458
563.011 587.446
563.011 587.441
563.011 587.386
563.011 587.351
563.011 587.386
563.011 587.491
563.011 587.403
563.011 587.376
563.011 587.355
563.011 587.449
563.011 587.515
563.011 587.582
563.011 587.668
563.011 587.699
563.011 587.655
563.011 587.691
563.011 587.646
563.011 587.605
563.011 587.596
563.011 587.645
563.011 587.654
563.011 587.636
563.011 587.531
563.011 587.535
563.011 587.549
563.011 587.604
563.011 587.596
563.011 587.649
563.011 587.618
563.011 587.632
563.011 587.705
563.011 587.625
563.011 587.745
563.011 587.803
563.011 587.807
563.011 587.805
563.011 587.765
563.011 587.838
563.011 587.776
563.011 587.713
563.011 587.708
563.011 587.692
563.011 587.598
563.011 587.579
563.011 587.582
563.011 587.588
563.011 587.572
563.011 587.532
563.011 587.573
563.011 587.533
563.011 587.53
563.011 587.492
563.011 587.516
563.011 587.522
563.011 587.625
563.011 587.632
563.011 587.725
563.011 587.709
563.011 587.672
563.011 587.676
563.011 587.716
563.011 587.801
563.011 587.749
563.011 587.747
563.011 587.75
563.011 587.772
563.011 587.776
563.011 587.767
563.011 587.758
563.011 587.776
563.011 587.825
563.011 587.815
563.011 587.842
563.011 587.855
563.011 587.913
563.011 587.902
563.011 587.843
563.011 587.837
563.011 587.869
563.011 587.9
563.011 587.831
563.011 587.818
563.011 587.81
563.011 587.857
563.011 587.81
563.011 587.846
563.011 587.854
563.011 587.849
563.011 587.823
563.011 587.813
563.011 587.855
rd100.tsp
G
8612.1 8612.1
8532.31 8572.2
8440.39 8528.27
8298.55 8470.84
8191.86 8415.04
8191.86 8441.85
8191.86 8426.31
8191.86 8437.39
8191.86 8450.56
8191.86 8448.5
8191.86 8461.79
8191.86 8452.57
8191.86 8442
8191.86 8454.2
8191.86 8451
8191.86 8470.3
8191.86 8455.21
8191.86 8465.11
8191.86 8480.13
8191.86 8493.21
8191.86 8494.85
8191.86 8493.48
8191.86 8490.51
8191.86 8489.49
8191.86 8491.95
8191.86 8496.46
8191.86 8501.07
8191.86 8500.93
8191.86 8497.82
8191.86 8495.82
8191.86 8486.76
8191.86 8493.9
8191.86 8490.62
8191.86 8495.08
8191.86 8492.04
8191.86 8489.71
8191.86 8500.34
8191.86 8500.62
8191.86 8497.2
8167.09 8488.95
8167.09 8487.15
8167.09 8487.39
8167.09 8484.34
8167.09 8484.88
8167.09 8481.73
8167.09 8485.36
8167.09 8482.65
8167.09 8488.46
8167.09 8484.64
8167.09 8487.28
8167.09 8486.06
8004.28 8476.8
8004.28 8470.37
8004.28 8470.33
8004.28 8467.06
8004.28 8466.51
8004.28 8465.05
8004.28 8466.51
8004.28 8460.85
8004.28 8462.49
8004.28 8470.71
8004.28 8466.17
8004.28 8471.23
8004.28 8473.57
8004.28 8471.76
8004.28 8473.1
8004.28 8472.38
8004.28 8470
8004.28 8470.22
8004.28 8465.79
8004.28 8467.34
8004.28 8467.37
8004.28 8467.73
8004.28 8463.72
8004.28 8462.8
8004.28 8467.71
8004.28 8470.74
8004.28 8469.69
8004.28 8466.55
8004.28 8467.39
8004.28 8469.63
7999.47 8463.89
7999.47 8459.82
7999.47 8459.46
7999.47 8458.67
7999.47 8456.87
7999.47 8458.72
7999.47 8457.26
7999.47 8452.99
7999.47 8451.65
7999.47 8450.33
7999.47 8448.2
7999.47 8443.75
7999.47 8449.35
7999.47 8454.54
7999.47 8454.71
7999.47 8458.07
7999.47 8463.45
7999.47 8465.16
7999.47 8467.44
7999.47 8468.05
7999.47 8468.24
7999.47 8467.9
7999.47 8472.31
7999.47 8472
7999.47 8472.83
7999.47 8472.74
7999.47 8473.18
7999.47 8473.76
7999.47 8477.24
7999.47 8479.5
7999.47 8477.06
7999.47 8477.07
7999.47 8477.6
7999.47 8480.28
7999.47 8481.77
7999.47 8482.68
7999.47 8481.9
7999.47 8481.41
7999.47 8484.53
7999.47 8484.72
7999.47 8486.73
7999.47 8484.86
7999.47 8483.91
7999.47 8483.92
7999.47 8485.41
7999.47 8484.15
7999.47 8482.7
7999.47 8482.58
7999.47 8481.82
7999.47 8482.48
7999.47 8483.31
7999.47 8483.06
7999.47 8482.5
7999.47 8486.22
7999.47 8486.97
7999.47 8485.82
7999.47 8488.83
7999.47 8487.95
7999.47 8488.85
7999.47 8488.66
7999.47 8490.24
7999.47 8490.45
7999.47 8491.88
7999.47 8492.59
7999.47 8493.65
7999.47 8492.98
7999.47 8490.72
7999.47 8491.08
7999.47 8491.14
7999.47 8489.95
7999.47 8490.19
7999.47 8489.13
7999.47 8489.09
7999.47 8489
7999.47 8488.47
7999.47 8491.92
7999.47 8491.9
7999.47 8494.06
7999.47 8492.86
7999.47 8491.57
7999.47 8490.87
7999.47 8488.74
7999.47 8488.95
7999.47 8490.11
7999.47 8491.9
7999.47 8493.65
7999.47 8494.16
7999.47 8493.42
7999.47 8491.76
7999.47 8494.11
7999.47 8491.73
7999.47 8492.46
7999.47 8492.33
7999.47 8495.87
7999.47 8494.22
7999.47 8494.49
7999.47 8494.37
7999.47 8494.66
7999.47 8496.15
7999.47 8495.61
7999.47 8494.51
7999.47 8493.84
7999.47 8492.35
7999.47 8491.46
7999.47 8490.27
7999.47 8491.38
7999.47 8492.24
7999.47 8490.71
7999.47 8492.43
7999.47 8491.27
7999.47 8490.04
7999.47 8492.83
7999.47 8493.29
7999.47 8492.99
7999.47 8492.69
7999.47 8492.46
7999.47 8491
7999.47 8491.54
7999.47 8491.23
7999.47 8491.88
7999.47 8493
7999.47 8493.05
7999.47 8493.33
7999.47 8495.62
7999.47 8497.06
7999.47 8499.19
7999.47 8498.88
7999.47 8498.99
7999.47 8500.97
7999.47 8500.63
7999.47 8500.36
7999.47 8500.47
7999.47 8500.59
7999.47 8500.23
7999.47 8500.1
7999.47 8499.85
7999.47 8500.42
7999.47 8501.1
7999.47 8502.11
7999.47 8500.65
7999.47 8500.58
7999.47 8499.55
7999.47 8498.95
7999.47 8498.93
7999.47 8498.9
7999.47 8500.9
7999.47 8499.76
7999.47 8498.45
7999.47 8498.62
7999.47 8498.48
7999.47 8496.93
7999.47 8497.74
7999.47 8496.77
7999.47 8496.4
7999.47 8494.88
7999.47 8495.07
7999.47 8494.95
7999.47 8495.38
7999.47 8495.08
7999.47 8495.73
7999.47 8495.85
7999.47 8495.65
7999.47 8494.73
7999.47 8493.32
7999.47 8493.94
7999.47 8493.78
7999.47 8493.62
7999.47 8493.36
7999.47 8493.59
7999.47 8493.53
7999.47 8496.11
7999.47 8495.93
7999.47 8496.81
7999.47 8497.82
7999.47 8497.4
7999.47 8496.52
7999.47 8497.06
7999.47 8496.05
7999.47 8495.11
7999.47 8494.7
7999.47 8494
7999.47 8494.93
7999.47 8493.66
7999.47 8492.2
7999.47 8491.4
7999.47 8491.46
7999.47 8491.76
7999.47 8492.31
7999.47 8493.24
7999.47 8493.01
7999.47 8492.6
7999.47 8494
7999.47 8493.64
7999.47 8494.19
7999.47 8494.44
7999.47 8493.31
7999.47 8492.54
7999.47 8491.43
7999.47 8491.39
7999.47 8490.83
7999.47 8491.35
7999.47 8491.17
7999.47 8492.35
7999.47 8491.01
7999.47 8491.43
7999.47 8490.84
7999.47 8491.06
7999.47 8491.39
7999.47 8490.36
7999.47 8490.22
7999.47 8490.27
7999.47 8490.32
7999.47 8489.92
7999.47 8489.34
7999.47 8488.88
7999.47 8488.5
7999.47 8488.8
7999.47 8488.7
7999.47 8488.48
S
8738.44 8738.44
8139.8 8439.12
8139.8 8541.97
8139.8 8557.86
8139.8 8505.49
8139.8 8562.8
8139.8 8585.17
8139.8 8567.18
8139.8 8561.11
8139.8 8537.86
8139.8 8563.57
8139.8 8579.53
8139.8 8547.26
8139.8 8582.43
8139.8 8585.35
8139.8 8560.21
8139.8 8548.99
8139.8 8532.25
8139.8 8558.62
8139.8 8547.27
8139.8 8553.96
8139.8 8549.03
8139.8 8550.43
8139.8 8553.72
8139.8 8574.82
8139.8 8576.29
8139.8 8574.12
8139.8 8580.91
8139.8 8586.42
8139.8 8596.74
8139.8 8585.58
8139.8 8582.89
8139.8 8577.06
8139.8 8576.3
8139.8 8582.41
8139.8 8575.64
8139.8 8596.68
8139.8 8595.37
8139.8 8593.81
8139.8 8595.09
8139.8 8590.63
8139.8 8592.98
8139.8 8592.71
8139.8 8593.17
8139.8 8586.93
8139.8 8581.23
8139.8 8586.99
8139.8 8585.65
8139.8 8592.15
8139.8 8590.89
8139.8 8597.8
8139.8 8591.68
8139.8 8591.16
8139.8 8590.65
8139.8 8590.67
8139.8 8596.73
8139.8 8592.97
8139.8 8594.62
8139.8 8594.95
8139.8 8593.24
8139.8 8590.5
8139.8 8589.04
8139.8 8586.87
8139.8 8589.42
8139.8 8587.44
8139.8 8587.49
8139.8 8585.63
8139.8 8584.57
8139.8 8584.42
8112.44 8577.67
8112.44 8575.26
8112.44 8570.91
8112.44 8567.43
8112.44 8565.88
8112.44 8565.63
8112.44 8565.95
8112.44 8565.65
8112.44 8570.54
8112.44 8565.62
8112.44 8564.37
8112.44 8565.66
8112.44 8566.71
8112.44 8570.04
8112.44 8568.28
8112.44 8569.1
8112.44 8565.92
8112.44 8566.21
8112.44 8565.75
8112.44 8563.63
8112.44 8562.6
8112.44 8564.1
8112.44 8568.55
8112.44 8565.71
8112.44 8565.54
8112.44 8566.78
8112.44 8566.52
8112.44 8563.43
8112.44 8561.61
8112.44 8561.13
8112.44 8558.43
8112.44 8558.18
8112.44 8556.35
8112.44 8554.72
8112.44 8553.88
8112.44 8554.08
8112.44 8550.32
8112.44 8554.41
8112.44 8553.83
8048.33 8549.19
8048.33 8548.6
8048.33 8548.03
8048.33 8544.97
8048.33 8544.26
8048.33 8545.33
8048.33 8541.76
8048.33 8540.59
8048.33 8542.98
8048.33 8546.32
8048.33 8545.12
8048.33 8549.84
8048.33 8551.24
8048.33 8549.97
8048.33 8550.22
8048.33 8547.5
8048.33 8545.16
8048.33 8546.3
8048.33 8549.18
8048.33 8550.02
8048.33 8551.13
8048.33 8554.97
8048.33 8552.56
8048.33 8551.95
8048.33 8552.54
8048.33 8550.18
8048.33 8550.36
8048.33 8552.94
8048.33 8554.87
8048.33 8557.25
8048.33 8556.18
8048.33 8556.58
8048.33 8554.09
8048.33 8555.74
8048.33 8555.33
8048.33 8556.67
8048.33 8556.86
8048.33 8557.17
8048.33 8555.24
8048.33 8558.56
8048.33 8559.25
8048.33 8558.78
8048.33 8559.01
8048.33 8558.9
8048.33 8561.52
8048.33 8561.94
8048.33 8561.32
8048.33 8560.02
8048.33 8560.02
8048.33 8559.72
8048.33 8561.76
8048.33 8562.87
8048.33 8563.69
8048.33 8562.54
8048.33 8560.02
8048.33 8559.45
8048.33 8558.5
8048.33 8560.32
8048.33 8559.93
8048.33 8558.92
8048.33 8558.58
8048.33 8556.79
8048.33 8555.04
8048.33 8552.28
8048.33 8551.89
8048.33 8553.91
8048.33 8556.01
8048.33 8558.02
8048.33 8557.95
8048.33 8557.69
8048.33 8557.98
8048.33 8557.48
8048.33 8557.64
8048.33 8557.52
8048.33 8558.31
8048.33 8558.5
8048.33 8558.9
8048.33 8557.63
8048.33 8559.82
8048.33 8559.92
8048.33 8560.26
8048.33 8558.65
8048.33 8559.19
8048.33 8557.62
8048.33 8556.69
8048.33 8557.42
8048.33 8557.57
8048.33 8556.61
8048.33 8555.53
8048.33 8555.62
8048.33 8554.98
8048.33 8553.95
8048.33 8555.97
8048.33 8556.33
8048.33 8557.5
8048.33 8557.52
8048.33 8556.3
8048.33 8557.33
8048.33 8557.98
8048.33 8557.99
8048.33 8559.58
8048.33 8558.89
8048.33 8559.69
8048.33 8559.63
8048.33 8557.85
8048.33 8557.95
8048.33 8559.29
8048.33 8561.05
8048.33 8561.97
8048.33 8562.67
8048.33 8562.22
8048.33 8561.5
8048.33 8560.37
8048.33 8561.91
8048.33 8561.3
8048.33 8560
8048.33 8560.05
8048.33 8560.75
8048.33 8560.03
8048.33 8560.6
8048.33 8559.94
8048.33 8559.96
8048.33 8560.17
8048.33 8560.01
8048.33 8559.57
8048.33 8558.72
8048.33 8558.75
8048.33 8559.14
8048.33 8559.21
8048.33 8559.6
8048.33 8561.27
8048.33 8562.61
8048.33 8563.42
8048.33 8563.32
8048.33 8562.4
8048.33 8562.4
8048.33 8562.1
8048.33 8562.05
8048.33 8561.81
8048.33 8561.95
8048.33 8564.15
8048.33 8564.14
8048.33 8562.62
8048.33 8562.33
8048.33 8562.3
8048.33 8561.84
8048.33 8561.96
8048.33 8562.92
8048.33 8563.6
8048.33 8563.27
8048.33 8564
8048.33 8564.85
8048.33 8565.37
8048.33 8566.71
8048.33 8566
8048.33 8565.16
8048.33 8565.05
8048.33 8564.12
8048.33 8563.56
8048.33 8563.08
8048.33 8562.16
8048.33 8562.94
7985.28 8560.81
7985.28 8560.33
7985.28 8559.43
7985.28 8558.83
7985.28 8558.97
7985.28 8560.97
7985.28 8562.28
7985.28 8562.65
7985.28 8562.03
7985.28 8560.77
7985.28 8560.68
7985.28 8561.33
7985.28 8560.95
7985.28 8559.54
7985.28 8558.19
7985.28 8558.39
7985.28 8558.82
7985.28 8559.1
7985.28 8559.25
7985.28 8560.23
7985.28 8560.14
7985.28 8559.23
7985.28 8559.2
7985.28 8558.64
7985.28 8558.7
7985.28 8559.32
7985.28 8557.71
7985.28 8557.44
7985.28 8557.71
7985.28 8556.83
kroA100.tsp
G
21935.8 21935.8
21683 21809.4
21683 21887.4
21385 21761.8
21385 21802
21385 21928.8
21385 21979.2
21385 22072.8
21385 22086.4
21385 22099.7
21385 22113.4
21385 22167.3
21385 22131.9
21385 22180.1
21385 22177.1
21385 22304.4
21385 22275.8
21385 22279
21385 22296.1
21385 22300.6
21385 22297.7
21385 22278.8
21385 22272.8
21385 22271.9
21385 22245.1
21385 22251.3
21385 22259.6
21385 22254
21385 22241.2
21385 22257.5
21385 22253
21385 22254.9
21385 22280.2
21385 22287.2
21385 22291.8
21385 22312.7
21385 22314.9
21385 22330.2
21385 22329.8
21385 22350
21385 22366.7
21385 22374.5
21385 22380.6
21385 22412.7
21385 22394.9
21385 22402.4
21385 22403.8
21385 22391.3
21385 22384.9
21385 22392.4
21385 22391.4
21385 22385.2
21385 22370.6
21385 22373
21385 22366.9
21385 22377.7
21385 22378.9
21385 22384.3
21385 22380
21385 22364.5
21385 22355.3
21385 22382.7
21385 22388.6
21385 22406.7
21385 22395.1
21385 22388.3
21385 22409
21385 22404.1
21385 22401.3
21385 22390.9
21385 22382.9
21385 22397
21385 22405.2
21385 22397.6
21385 22425.5
21385 22413.4
21385 22404.5
21385 22402.9
21385 22404.5
21385 22398.9
21385 22406.1
21385 22398.9
21385 22404.6
21385 22400.8
21385 22391.3
21385 22383.3
21385 22389.4
21385 22388.7
21385 22388.2
21385 22385
21385 22388.2
21385 22385.3
21385 22381.6
21385 22393.3
21385 22392.9
21385 22396.4
21385 22406.1
21385 22410.5
21385 22405.7
21385 22412
21385 22420.7
21385 22418.7
21385 22415.2
21385 22417.4
21385 22421
21385 22417.3
21385 22418.4
21385 22410.9
21385 22413.6
21385 22411.3
21385 22406.9
21385 22408
21385 22401.2
21385 22406.5
21385 22418.6
21385 22416.7
21385 22414.4
21385 22411.9
21385 22412
21385 22416.7
21385 22413.2
21385 22413.7
21385 22415.4
21385 22415.9
21385 22422.3
21385 22424.3
21385 22430.5
21385 22431.2
21385 22428.9
21385 22424
21385 22423.3
21385 22417.1
21385 22416.9
21385 22423.6
21385 22431
21385 22441
21385 22447.8
21385 22447.1
21385 22456.8
21385 22453.1
21385 22461.8
21385 22460.2
21385 22459.1
21385 22453.4
21385 22451.7
21385 22445
21385 22448.4
21385 22449.9
21385 22453.9
21385 22452.7
21385 22449.5
21385 22449
21385 22457.4
21385 22464.2
21385 22461.1
21385 22463.4
21385 22459.7
21385 22460.1
21385 22462.4
21385 22460.5
21385 22457.7
21385 22453.8
21385 22461.2
21385 22466.7
21385 22461.2
21385 22460.8
21385 22455.8
21385 22455.3
21385 22454.5
21385 22449.8
21385 22448.7
21385 22451.6
21385 22448.2
21385 22447
21385 22446.9
21385 22450.6
21385 22447.6
21385 22446.5
21385 22440.7
21385 22439.1
21385 22439.3
21385 22442.9
21385 22441.6
21385 22441.6
21385 22447.5
21385 22444.8
21385 22442.6
21385 22441.9
21385 22443.4
21385 22441.9
21385 22437.9
21385 22440.5
21385 22437.1
21385 22433.1
21385 22431.1
21385 22429.7
21385 22432.9
21385 22433.6
21385 22435.2
21385 22437.9
21385 22437.5
21385 22435.2
21385 22433.5
21385 22434.5
21385 22433.2
21385 22432
21385 22433.3
21385 22433.2
21385 22440.1
21363 22435
21363 22432.5
21363 22430.8
21363 22428
21363 22434
21363 22433.6
21363 22440
21363 22441.2
21363 22441.9
21363 22438.4
21363 22436.4
21363 22433.8
21363 22436.6
21363 22435.1
21363 22434.4
21363 22434.1
21363 22429.9
21363 22429.3
21363 22429.6
21363 22431.5
21363 22434
21363 22436.2
21363 22434
21363 22435.6
21363 22433.9
21363 22432.3
21363 22431.4
21363 22430.1
21363 22429
21363 22425.1
21363 22423.2
21363 22421.9
21363 22421.5
21363 22419.3
21363 22418.8
21363 22419
21363 22416.7
21363 22422.6
21363 22424.5
21363 22425.5
21363 22427.6
21363 22426.5
21363 22432.9
21363 22434.9
21363 22433.7
21363 22434.2
21363 22435.9
21363 22438.8
21363 22441
21363 22445
21363 22445.9
21363 22443.7
21363 22442.9
21363 22444.5
21363 22445.4
21363 22445.4
21363 22443.3
21363 22442.6
21363 22442.6
21363 22446.4
21363 22446.3
21363 22446.1
21363 22448.7
21363 22447.4
21363 22446.3
21363 22445.4
21363 22443.3
21363 22441.8
21363 22439.7
21363 22437.5
21363 22434.3
21363 22432.9
21363 22434.2
21363 22436.5
21363 22437.8
21363 22437.4
21363 22434.5
21363 22432.7
21363 22431.5
21363 22432.1
21363 22435.7
21363 22435.3
21363 22433.7
21363 22438
21363 22436.6
21363 22434.5
21363 22435
21363 22433.3
21363 22433.5
21363 22430.5
21363 22429.7
S
22560.3 22560.3
22560.3 22691.6
22560.3 23036.1
22536.9 22911.3
22536.9 22916.7
22536.9 22958.2
22536.9 22906.1
22536.9 22872.4
22536.9 22960.6
22536.9 23092
22536.9 23058.3
22536.9 23040.7
22492.6 22998.5
22492.6 23020.4
22365 22976.7
21800.7 22903.2
21800.7 22875.5
21523.4 22800.3
21523.4 22836.7
21523.4 22808.4
21523.4 22784.5
21523.4 22822.3
21523.4 22849
21523.4 22876.2
21523.4 22842.6
21523.4 22875.8
21523.4 22835.2
21523.4 22825
21523.4 22846.7
21523.4 22846.3
21523.4 22830.4
21523.4 22864.3
21523.4 22837.1
21523.4 22827
21523.4 22826.1
21523.4 22798.8
21523.4 22810.5
21523.4 22824.8
21523.4 22843.3
21523.4 22821.3
21523.4 22823.1
21523.4 22812.1
21523.4 22801.6
21523.4 22780.3
21523.4 22764
21523.4 22771.5
21523.4 22760.5
21523.4 22763.7
21523.4 22756.8
21523.4 22756.2
21523.4 22775
21523.4 22789.2
21523.4 22786
21523.4 22784.7
21523.4 22777.1
21523.4 22767.2
21523.4 22761.7
21523.4 22770.7
21523.4 22779.9
21523.4 22782.9
21523.4 22787.9
21523.4 22779.1
21523.4 22766.7
21523.4 22771.4
21523.4 22770.4
21523.4 22767.6
21523.4 22785.1
21523.4 22794.4
21523.4 22782.6
21523.4 22769.8
21523.4 22753.7
21523.4 22782.2
21523.4 22773.1
21523.4 22777.5
21523.4 22779.5
21523.4 22768.4
21523.4 22772.7
21523.4 22776.9
21523.4 22783.7
21523.4 22773.9
21523.4 22780.9
21523.4 22799.7
21523.4 22820.3
21523.4 22812
21523.4 22802.3
21523.4 22808
21523.4 22809.4
21523.4 22818.4
21523.4 22820.5
21523.4 22821
21523.4 22814.9
21523.4 22813.1
21523.4 22806.1
21523.4 22802.9
21523.4 22801.1
21523.4 22795.3
21523.4 22795.1
21523.4 22808.3
21523.4 22799
21523.4 22797
21523.4 22797.3
21523.4 22807.1
21523.4 22798.3
21523.4 22794.3
21523.4 22786.4
21523.4 22782.6
21523.4 22792.1
21523.4 22802
21523.4 22792.9
21523.4 22797.3
21523.4 22793
21523.4 22803.6
21523.4 22800.9
21523.4 22801.9
21523.4 22801.4
21523.4 22802.5
21523.4 22795
21523.4 22805.7
21523.4 22802.3
21523.4 22802.2
21523.4 22806.9
21523.4 22803.2
21523.4 22800.3
21523.4 22799.2
21523.4 22799.5
21523.4 22799.8
21523.4 22797.3
21523.4 22797.7
21523.4 22792
21523.4 22789.4
21523.4 22795.4
21523.4 22796.9
21523.4 22792.2
21523.4 22795.3
21523.4 22794.5
21523.4 22794.7
21523.4 22786.2
21523.4 22778.2
21523.4 22780.3
21523.4 22775.2
21523.4 22772.1
21523.4 22775.3
21523.4 22782.6
21523.4 22788.5
21523.4 22784.5
21470.4 22775.5
21470.4 22783.5
21405 22774.2
21405 22774.8
21405 22771
21405 22768.6
21405 22765.2
21405 22756.5
21405 22754
21405 22755
21405 22758.2
21405 22760.2
21405 22767.3
21405 22781.4
21405 22777.4
21405 22777.5
21405 22775.5
21405 22773
21405 22778.6
21405 22778.1
21405 22770.8
21405 22765.2
21405 22767.8
21405 22766.1
21405 22769.2
21405 22765.3
21405 22766.4
21405 22769.1
21405 22772.5
21405 22769.8
21405 22770.9
21405 22767.8
21405 22772.2
21405 22765.5
21405 22764.6
21405 22768.7
21405 22764.4
21405 22765.5
21405 22765.2
21405 22764.8
21405 22763
21405 22765.2
21405 22760.7
21405 22757.5
21405 22752.8
21405 22755.7
21405 22754.9
21405 22759.4
21405 22754.5
21405 22752.5
21405 22749.7
21405 22755.3
21405 22755.3
21405 22754.7
21405 22758.5
21405 22758.8
21405 22764.6
21405 22766.5
21405 22766.9
21405 22767.5
21405 22769.9
21405 22768.4
21405 22764.5
21405 22760.6
21405 22764.5
21405 22765.9
21405 22770.5
21405 22770.1
21405 22767.2
21405 22768.1
21405 22771.9
21405 22776.3
21405 22780.3
21405 22776.8
21405 22779.3
21405 22783.1
21405 22788
21382.6 22781.7
21382.6 22784.4
21382.6 22779.8
21382.6 22778.6
21382.6 22778.9
21382.6 22779.2
21382.6 22774.7
21382.6 22780.9
21382.6 22790
21382.6 22789.2
21382.6 22784.5
21382.6 22781.5
21382.6 22779.3
21382.6 22781
21382.6 22779.5
21382.6 22774.5
21382.6 22769.8
21382.6 22767.8
21382.6 22766.1
21382.6 22764.4
21382.6 22765.8
21382.6 22767.4
21382.6 22770.4
21382.6 22769.4
21382.6 22770.1
21382.6 22769.7
21382.6 22766
21382.6 22766.7
21382.6 22764.4
21382.6 22766.1
21382.6 22769.1
21382.6 22765.5
21382.6 22763.7
21382.6 22766.4
21382.6 22766.6
21382.6 22767.5
21382.6 22762.9
21382.6 22764.8
21382.6 22762.2
21382.6 22759.3
21382.6 22759.3
21382.6 22758.5
21382.6 22759
21382.6 22757.5
21382.6 22757.4
21382.6 22754.9
21382.6 22753.6
21382.6 22755.7
21382.6 22756.5
21382.6 22757.2
21382.6 22754.5
21382.6 22755.9
21382.6 22752.8
21382.6 22750.5
21382.6 22748.7
21382.6 22746.3
21382.6 22748.9
21356.6 22743.9
21356.6 22741.5
21356.6 22739.7
21356.6 22740.2
21356.6 22737.2
21356.6 22735.1
21356.6 22734.9
21356.6 22735.9
21356.6 22734.2
21356.6 22737.2
21356.6 22740.6
21356.6 22747.9
21356.6 22746.4
21356.6 22744.2
21356.6 22747.6
21356.6 22749.3
21356.6 22747.3
21356.6 22747.2
21356.6 22744
21356.6 22746.2
21356.6 22748.6
lin105.tsp
G
15847.7 15847.7
15133.9 15490.8
15133.9 15498.4
15133.9 15411.3
15133.9 15419
15133.9 15446.3
15133.9 15441.5
15133.9 15432.2
15133.9 15485.6
15133.9 15458.2
14747 15393.5
14747 15365.3
14747 15333.5
14747 15333.7
14747 15373.5
14747 15363.6
14747 15352.7
14747 15378.2
14747 15375.7
14747 15403.5
14747 15387.9
14747 15397.8
14747 15389.7
14747 15396.6
14747 15418.8
14747 15449.4
14747 15462.6
14747 15471.6
14747 15455.3
14747 15450.7
14747 15428.2
14747 15430.1
14747 15410.9
14747 15405.3
14747 15399.7
14747 15387.3
14747 15392.3
14747 15380.5
14747 15393.3
14747 15386.8
14747 15397.5
14747 15402.4
14747 15420.9
14747 15410.1
14561.4 15391.3
14561.4 15412.3
14561.4 15417.1
14561.4 15414.8
14561.4 15405.4
14561.4 15404.7
14561.4 15390
14561.4 15380.9
14561.4 15383.9
14561.4 15392.4
14561.4 15401.1
14561.4 15389.6
14561.4 15377.4
14561.4 15388.4
14561.4 15377
14561.4 15371.2
14561.4 15366.2
14561.4 15372.1
14561.4 15368.8
14561.4 15376.1
14561.4 15367.8
14561.4 15371.2
14561.4 15374.1
14558.4 15362.1
14558.4 15366.4
14558.4 15365.8
14558.4 15354.6
14558.4 15354.7
14558.4 15347.1
14558.4 15348.8
14558.4 15346.9
14558.4 15338.5
14558.4 15342.3
14558.4 15341.1
14558.4 15340.1
14558.4 15333.1
14558.4 15330.6
14558.4 15336.4
14558.4 15329.7
14558.4 15330.9
14558.4 15329.8
14558.4 15327.6
14558.4 15334.3
14558.4 15333.5
14558.4 15339.4
14558.4 15336
14558.4 15339.4
14558.4 15336.1
14558.4 15337.8
14558.4 15335.1
14558.4 15337.6
14558.4 15345.2
14558.4 15350.7
14558.4 15350
14558.4 15345.4
14558.4 15348.4
14558.4 15349.4
14558.4 15352.1
14558.4 15345.5
14558.4 15344.8
14558.4 15344.4
14558.4 15348
14558.4 15344.7
14558.4 15338.6
14558.4 15339.5
14558.4 15333.5
14558.4 15337.4
14558.4 15341.7
14558.4 15339.1
14558.4 15341.8
14558.4 15344.8
14558.4 15347.9
14558.4 15347.7
14558.4 15347.4
14558.4 15342.2
14558.4 15341.4
14558.4 15341.4
14558.4 15338.1
14558.4 15334.2
14558.4 15342.6
14558.4 15344.3
14558.4 15345.2
14558.4 15342.4
14558.4 15341.8
14558.4 15339.9
14558.4 15339
14558.4 15337.6
14558.4 15333.3
14558.4 15335
14558.4 15337.5
14558.4 15336.3
14558.4 15336.6
14558.4 15340.4
14558.4 15343.2
14558.4 15342.7
14558.4 15340.3
14558.4 15340.3
14558.4 15342.7
14558.4 15345.6
14558.4 15347.4
14558.4 15342.2
14558.4 15343.6
14558.4 15340.3
14558.4 15342.9
14558.4 15340.5
14558.4 15338.8
14558.4 15338.9
14558.4 15337.1
14558.4 15340.5
14558.4 15341.8
14558.4 15341.8
14558.4 15340
14558.4 15343.1
14558.4 15346.8
14558.4 15349.6
14558.4 15346.8
14558.4 15348.5
14558.4 15350
14558.4 15346.4
14558.4 15344.6
14558.4 15343.7
14558.4 15340.6
14558.4 15340.4
14558.4 15340.6
14558.4 15339.2
14558.4 15340.8
14558.4 15337.1
14558.4 15335.8
14558.4 15336.8
14558.4 15339.9
14558.4 15339.8
14558.4 15338
14558.4 15337.8
14558.4 15336.6
14558.4 15337.8
14558.4 15337.2
14558.4 15343.5
14558.4 15345.2
14558.4 15345.7
14558.4 15346.6
14558.4 15344.2
14558.4 15341.8
14460.2 15337.1
14460.2 15333.6
14460.2 15334.7
14460.2 15333.8
14460.2 15334.1
14460.2 15336.5
14460.2 15341.3
14460.2 15340.5
14460.2 15341.3
14460.2 15337.5
14460.2 15338.1
14460.2 15338.7
14460.2 15338.1
14460.2 15337.8
14460.2 15338.7
14460.2 15338.5
14460.2 15339.3
14460.2 15338.5
14460.2 15338.5
14460.2 15336.6
14460.2 15339.2
14460.2 15336.1
14460.2 15335.9
14460.2 15333.4
14460.2 15337.1
14460.2 15340.5
14460.2 15340.5
14460.2 15342.6
14460.2 15339.7
14460.2 15342
14460.2 15340.2
14460.2 15338.6
14460.2 15339.6
14460.2 15339.3
14460.2 15336.8
14460.2 15336.5
14460.2 15336.3
14460.2 15336
14460.2 15336.9
14460.2 15336.7
14460.2 15339
14460.2 15337.7
14460.2 15335.8
14460.2 15337.7
14460.2 15336.9
14460.2 15336.5
14460.2 15337.5
14460.2 15337.7
14460.2 15336.8
14460.2 15339.8
14460.2 15339.8
14460.2 15340.2
14460.2 15342.3
14460.2 15339
14460.2 15338.5
14460.2 15340.4
14460.2 15340.4
14460.2 15340.6
14460.2 15341.3
14460.2 15340
14460.2 15339.4
14460.2 15341.4
14460.2 15340.7
14460.2 15341.3
14460.2 15341.2
14460.2 15341.3
14460.2 15340.3
14460.2 15338.7
14460.2 15337.8
14460.2 15336.2
14460.2 15337.3
14460.2 15338.3
14460.2 15336.4
14460.2 15335.6
14460.2 15339.8
14460.2 15340.3
14460.2 15341.1
14460.2 15342.9
14460.2 15344.2
14460.2 15342.8
14460.2 15342.4
14460.2 15341.9
14460.2 15339.3
14460.2 15342.5
14460.2 15342.2
14460.2 15343
14460.2 15344.2
14460.2 15343.7
14460.2 15341.3
14460.2 15341.4
14460.2 15338.7
14460.2 15338.1
14460.2 15338.2
14460.2 15340.9
14460.2 15342.5
14460.2 15343.4
14460.2 15342.9
14460.2 15341.4
14460.2 15342.8
14460.2 15347.7
14460.2 15347.8
14460.2 15346.3
14460.2 15345.4
14460.2 15343.9
14460.2 15344.1
14460.2 15344
14460.2 15343
14460.2 15343.5
14460.2 15344.8
14460.2 15344.3
14460.2 15344.9
14460.2 15344.1
14460.2 15343.6
14460.2 15344.5
S
15418.6 15418.6
15240.9 15329.8
15240.9 15321.7
15240.9 15466.1
14989 15370.6
14989 15440.8
14989 15429.7
14638.9 15330.9
14638.9 15343
14638.9 15362.5
14638.9 15335
14638.9 15306.7
14638.9 15309.2
14638.9 15320.6
14638.9 15316.8
14638.9 15297.9
14638.9 15340.7
14638.9 15316
14638.9 15322.3
14638.9 15315.3
14638.9 15334.7
14638.9 15324.9
14638.9 15330.3
14638.9 15330.7
14638.9 15314.7
14638.9 15334.1
14638.9 15327.7
14638.9 15338.3
14638.9 15329.7
14638.9 15340.6
14638.9 15330.2
14638.9 15314.7
14638.9 15318.1
14638.9 15317.8
14638.9 15331.7
14638.9 15327.8
14638.9 15313
14638.9 15322.6
14638.9 15312.7
14638.9 15315.1
14638.9 15304.7
14638.9 15301.2
14638.9 15306.4
14638.9 15313.4
14638.9 15313.3
14638.9 15320.7
14638.9 15320.1
14638.9 15318.1
14638.9 15324.2
14638.9 15327.1
14638.9 15326
14638.9 15316.5
14638.9 15310.8
14638.9 15312.7
14638.9 15304.2
14638.9 15307.8
14638.9 15302.2
14638.9 15313.6
14638.9 15315.4
14638.9 15322.9
14638.9 15317.4
14638.9 15316.3
14638.9 15313.1
14638.9 15337.4
14638.9 15338
14638.9 15330.5
14545.1 15318.7
14545.1 15311.6
14545.1 15309.3
14545.1 15308.1
14545.1 15305.6
14545.1 15300.3
14545.1 15299
14545.1 15305.2
14545.1 15297.8
14545.1 15300.6
14545.1 15296.3
14545.1 15301.3
14545.1 15293.2
14545.1 15286.9
14545.1 15282.3
14545.1 15278.3
14545.1 15275.6
14545.1 15277.3
14545.1 15279.3
14545.1 15280.9
14545.1 15274.2
14545.1 15270.4
14545.1 15266
14545.1 15269.1
14545.1 15275.4
14545.1 15285.9
14545.1 15288.2
14545.1 15282.1
14545.1 15285.5
14545.1 15286.6
14545.1 15288.5
14545.1 15286.9
14545.1 15290.8
14545.1 15292.1
14545.1 15292.5
14545.1 15290.6
14545.1 15288.8
14545.1 15295.4
14545.1 15297
14545.1 15299.1
14545.1 15297.6
14545.1 15297.6
14545.1 15294.7
14545.1 15300.1
14545.1 15305.7
14545.1 15302.1
14545.1 15298.9
14545.1 15297.6
14545.1 15299.1
14545.1 15297.2
14545.1 15297.5
14545.1 15299
14545.1 15295.2
14545.1 15294
14545.1 15290.3
14545.1 15288.7
14545.1 15285.3
14545.1 15285.1
14545.1 15283.5
14545.1 15285.9
14545.1 15283.1
14545.1 15285.7
14545.1 15286
14545.1 15281.1
14545.1 15282.2
14545.1 15279.4
14545.1 15279.3
14545.1 15281.8
14545.1 15287.2
14545.1 15291.8
14545.1 15291.2
14545.1 15287.1
14545.1 15291.3
14545.1 15286.6
14545.1 15291.7
14545.1 15292.6
14480.1 15286.9
14480.1 15290.4
14480.1 15290
14480.1 15290.4
14480.1 15288.6
14480.1 15289.9
14480.1 15289.7
14480.1 15286.1
14480.1 15284.9
14480.1 15284.5
14480.1 15282.5
14480.1 15285
14480.1 15285.1
14480.1 15285.2
14480.1 15287
14480.1 15289.5
14480.1 15290.6
14480.1 15287.5
14480.1 15287.4
14480.1 15286.5
14480.1 15288.7
14480.1 15289.5
14480.1 15289.1
14480.1 15290.4
14480.1 15290.8
14480.1 15290.3
14480.1 15288
14480.1 15292.4
14480.1 15293.2
14480.1 15295.1
14480.1 15296.9
14480.1 15296.8
14480.1 15303.3
14480.1 15302.6
14480.1 15304.4
14480.1 15305.4
14480.1 15309.5
14480.1 15309.4
14480.1 15307.8
14480.1 15307.4
14480.1 15307.9
14480.1 15309.3
14480.1 15307.7
14480.1 15304.4
14480.1 15301
14480.1 15299.7
14480.1 15297.4
14480.1 15294.4
14480.1 15293.1
14480.1 15290.8
14480.1 15293.7
14480.1 15297.1
14480.1 15294.6
14480.1 15295.3
14480.1 15291.9
14480.1 15289.4
14480.1 15287
14480.1 15285.5
14480.1 15286.8
14480.1 15285.9
14480.1 15289.3
14480.1 15290.2
14480.1 15289.7
14480.1 15286.2
14480.1 15290.3
14480.1 15290.3
14480.1 15292.7
14480.1 15294.2
14480.1 15292.4
14480.1 15290.5
14480.1 15289.9
14480.1 15292
14480.1 15290.3
14480.1 15291.3
14480.1 15290.8
14480.1 15291
14480.1 15288
14480.1 15289.6
14480.1 15287.9
14480.1 15287.8
14480.1 15287.3
14480.1 15287.5
14480.1 15286.7
14480.1 15285.2
14480.1 15288.9
14480.1 15291.4
14480.1 15291
14480.1 15291.1
14480.1 15294.4
14480.1 15292.4
14480.1 15295.6
14480.1 15296.1
14480.1 15296.1
14480.1 15294.2
14480.1 15295.5
14480.1 15294.3
14480.1 15297.7
14480.1 15296.3
14480.1 15294.1
14480.1 15295.7
14480.1 15297.8
14480.1 15298.2
14480.1 15295.5
14480.1 15292.7
14480.1 15291.6
14480.1 15291.6
14480.1 15290
14480.1 15289.7
14480.1 15290.8
14480.1 15290.4
14480.1 15292.1
14480.1 15291.1
14480.1 15289
14480.1 15287.2
14480.1 15285.6
14480.1 15284.3
14480.1 15282.3
14480.1 15282
14480.1 15280.6
14480.1 15280.2
14480.1 15280.3
14480.1 15281.8
14480.1 15281.5
14480.1 15278.8
14480.1 15278.3
14480.1 15277.2
14480.1 15276.7
14480.1 15277.7
14480.1 15278.1
14480.1 15275.7
14480.1 15274.9
14480.1 15276.6
14480.1 15274.4
14480.1 15273.2
14480.1 15274.2
14480.1 15274.5
14480.1 15275.7
14480.1 15274.8
14480.1 15273.4
14480.1 15271.8
14480.1 15272.4
14480.1 15271.9
14480.1 15270.6
14480.1 15268.5
14480.1 15266.8
14480.1 15265.6
14480.1 15263.9
14480.1 15264.3
14480.1 15264.2
14480.1 15262.2
14480.1 15262.4
14480.1 15262.4
14480.1 15262.7
14480.1 15264.2
14480.1 15264.3
14480.1 15261.9
14480.1 15260.6
14480.1 15260.5
ch150.tsp
G
6958.43 6958.43
6958.43 7063.17
6958.43 7043.91
6842.24 6993.49
6842.24 7022.91
6842.24 7038.24
6792.75 7003.17
6792.75 6985.69
6792.75 6974.65
6792.75 6987.6
6792.75 6981.41
6792.75 6969.53
6792.75 6971.37
6792.75 6981.83
6792.75 6997.7
6792.75 7001.54
6792.75 6999.7
6792.75 6997.78
6792.75 6994.62
6792.75 6999.73
6792.75 6994.67
6792.75 6987.28
6792.75 6989.02
6792.75 7006.93
6792.75 7007.99
6792.75 7008.61
6792.75 7010.09
6792.75 7007.19
6792.75 7005.39
6792.75 7004.65
6792.75 7004.09
6792.75 7000.9
6792.75 6997.24
6792.75 6999.19
6792.75 6993.85
6792.75 6995.46
6792.75 7001.71
6792.75 7008.84
6792.75 7015.31
6792.75 7012.79
6792.75 7013.06
6792.75 7009.46
6792.75 7010.99
6792.75 7016.4
6792.75 7013.69
6792.75 7010.96
6792.75 7012.1
6792.75 7011.8
6792.75 7016.12
6792.75 7012.61
6792.75 7016.36
6792.75 7017.95
6792.75 7019.59
6753.72 7014.67
6753.72 7018.12
6753.72 7016.3
6753.72 7019.01
6753.72 7019.03
6753.72 7021.14
6753.72 7023.26
6753.72 7022.05
6753.72 7023.38
6753.72 7020.4
6753.72 7019.87
6753.72 7018.35
6753.72 7016.18
6753.72 7021.89
6753.72 7020.97
6753.72 7018.99
6753.72 7023.04
6753.72 7021.13
6753.72 7020.81
6753.72 7020.9
6753.72 7021.66
6753.72 7021.19
6753.72 7018.48
6753.72 7018.42
6753.72 7015.93
6753.72 7015.42
6753.72 7013.48
6753.72 7014.99
6753.72 7016.73
6753.72 7015.78
6753.72 7016.26
6753.72 7015.56
6753.72 7016.23
6753.72 7015.82
6753.72 7016
6753.72 7015.58
6753.72 7017.16
6753.72 7016.33
6753.72 7017.44
6753.72 7018.29
6753.72 7017.47
6753.72 7018.47
6753.72 7016.08
6753.72 7015.18
6753.72 7014.86
6753.72 7014.27
6753.72 7016.06
6753.72 7014.77
6753.72 7012.8
6753.72 7011.26
6753.72 7011.32
6753.72 7012.72
6753.72 7014.2
6753.72 7012.49
6753.72 7010.51
6753.72 7009.56
6753.72 7007.78
6753.72 7007.39
6753.72 7008.58
6753.72 7012.62
6753.72 7011.69
6753.72 7013.62
6753.72 7013.31
6753.72 7013.54
6753.72 7013.82
6753.72 7014.34
6753.72 7016.01
6753.72 7015.11
6695.98 7012.49
6695.98 7011.57
6695.98 7013.2
6695.98 7011.81
6695.98 7011.87
6695.98 7012.35
6695.98 7011.98
6695.98 7010.88
6695.98 7010.04
6695.98 7008.72
6695.98 7009.27
6695.98 7011.32
6695.98 7011.02
6695.98 7011.02
6695.98 7012.97
6695.98 7013.75
6695.98 7014.24
6695.98 7013.94
6695.98 7015.5
6695.98 7014.95
6695.98 7014.18
6695.98 7013.35
6695.98 7014.65
6695.98 7015.16
6695.98 7015.36
6695.98 7014.28
6695.98 7016.01
6695.98 7016.59
6695.98 7015.57
6695.98 7015.35
6695.98 7014.54
6695.98 7013.5
6695.98 7012.66
6695.98 7012.22
6695.98 7012.74
6695.98 7013.42
6695.98 7016.32
6695.98 7015.52
6695.98 7014.08
6695.98 7013.86
6695.98 7013.78
6695.98 7014.57
6695.98 7014.11
6695.98 7014.26
6695.98 7014.06
6695.98 7013.8
6695.98 7013.5
6695.98 7013.98
6695.98 7013.77
6695.98 7014.73
6695.98 7014.71
6695.98 7014.13
6695.98 7014.81
6695.98 7015.27
6695.98 7014.22
6695.98 7015.4
6695.98 7014.93
6695.98 7015.17
6669.91 7013.26
6669.91 7014.89
6669.91 7014.69
6669.91 7013.71
6669.91 7013.44
6669.91 7013.12
6669.91 7013.22
6669.91 7012.63
6669.91 7013.23
6669.91 7013.77
6669.91 7012.78
6669.91 7012.74
6669.91 7011.72
6669.91 7010.75
6669.91 7010.71
6669.91 7011.8
6669.91 7011.1
6669.91 7010.91
6669.91 7011.89
6669.91 7012.39
6669.91 7011.86
6669.91 7012.42
6669.91 7012.42
6669.91 7012.93
6669.91 7012.29
6669.91 7012.77
6669.91 7012.66
6669.91 7013.02
6669.91 7012.6
6669.91 7012.9
6669.91 7012.23
6669.91 7012.16
6669.91 7012.71
6669.91 7013.2
6669.91 7013.14
6669.91 7012.32
6669.91 7012.81
6669.91 7012.64
6669.91 7012.26
6669.91 7011.99
6669.91 7011.33
6669.91 7011.2
6669.91 7012.06
6669.91 7011.33
6669.91 7011.06
6669.91 7009.76
6669.91 7010.52
6669.91 7010.93
6669.91 7009.86
6669.91 7009.88
6669.91 7009.63
6669.91 7010.71
6669.91 7010.88
6669.91 7009.47
6669.91 7009.36
6669.91 7010.89
6669.91 7010.73
6669.91 7012.48
6669.91 7012.01
6669.91 7012.31
6669.91 7013.11
6669.91 7013.32
6669.91 7014.23
6669.91 7014.14
6669.91 7013.52
6669.91 7013.57
6669.91 7013.55
6669.91 7012.67
6669.91 7013.66
6669.91 7013.25
6669.91 7012.83
6669.91 7012.59
6669.91 7012.05
6669.91 7012.45
6669.91 7012.17
6669.91 7012.6
6669.91 7012.19
6669.91 7011.49
6669.91 7011.92
6669.91 7012.53
6669.91 7011.46
6669.91 7010.74
6669.91 7010.61
6669.91 7010.58
6669.91 7010.6
6669.91 7010.44
6669.91 7009.9
6669.91 7010.03
6669.91 7011.04
6669.91 7011.95
6669.91 7011.06
6669.91 7011.65
6669.91 7011.9
6669.91 7012.09
6669.91 7011.31
6669.91 7011.55
6669.91 7011.92
14460.2 15338.7
14460.2 15338.1
14460.2 15338.2
14460.2 15340.9
14460.2 15342.5
14460.2 15343.4
14460.2 15342.9
14460.2 15341.4
14460.2 15342.8
14460.2 15347.7
14460.2 15347.8
14460.2 15346.3
14460.2 15345.4
14460.2 15343.9
14460.2 15344.1
14460.2 15344
14460.2 15343
14460.2 15343.5
14460.2 15344.8
14460.2 15344.3
14460.2 15344.9
14460.2 15344.1
14460.2 15343.6
14460.2 15344.5
S
7075.17 7075.17
6919.51 6997.34
6919.51 7039.51
6919.51 7131.7
6919.51 7126.5
6919.51 7104.21
6872.06 7071.04
6872.06 7099.63
6872.06 7105.13
6872.06 7123.86
6851.53 7099.1
6851.53 7099.99
6851.53 7091.77
6851.53 7097.72
6851.53 7093.12
6851.53 7118.02
6851.53 7121.24
6851.53 7116.41
6851.53 7122.39
6851.53 7121.84
6851.53 7125.77
6851.53 7125.74
6851.53 7123.73
6851.53 7128.64
6851.53 7124.98
6851.53 7120.74
6851.53 7121.28
6851.53 7116.48
6851.53 7125.19
6851.53 7122.23
6851.53 7118.97
6851.53 7112.31
6851.53 7112.08
6851.53 7120.44
6851.53 7129.84
6851.53 7129.15
6851.53 7129.48
6851.53 7128.41
6851.53 7129.43
6850.74 7122.46
6850.74 7118.09
6850.74 7120.1
6850.74 7124.46
6850.74 7126.78
6850.74 7129.87
6850.74 7133.68
6850.74 7142.24
6850.74 7144.47
6850.74 7140.75
6850.74 7141.6
6850.74 7146.99
6850.74 7151.35
6850.74 7151.75
6850.74 7153.42
6850.74 7154.63
6850.74 7151.91
6850.74 7153.52
6850.74 7153.44
6850.74 7149.61
6850.74 7149.26
6850.74 7147.42
6850.74 7144.57
6850.74 7145.65
6850.74 7144.84
6850.74 7141.92
6850.74 7139.99
6850.74 7140.24
6850.74 7138.26
6850.74 7136.56
6850.74 7136.47
6850.74 7137.29
6850.74 7135.22
6850.74 7135.58
6850.74 7138.1
6838.35 7134.11
6838.35 7130.58
6838.35 7129.83
6838.35 7132.28
6838.35 7132.49
6838.35 7134.17
6838.35 7133.34
6838.35 7131.73
6838.35 7133.62
6838.35 7134.58
6838.35 7134.53
6838.35 7133.51
6838.35 7136.1
6838.35 7138.45
6838.35 7135.13
6838.35 7134.67
6838.35 7136.85
6838.35 7139.81
6838.35 7136.62
6838.35 7134.22
6838.35 7133.92
6838.35 7135.3
6838.35 7133.56
6838.35 7134
6838.35 7134.27
6838.35 7135.47
6838.35 7136.61
6838.35 7137.4
6838.35 7137.24
6838.35 7134.72
6838.35 7135.46
6838.35 7133.74
6838.35 7134.76
6838.35 7137.25
6838.35 7137.98
6838.35 7135.9
6838.35 7136.84
6838.35 7137.87
6838.35 7139.22
6838.35 7138.17
6838.35 7142.15
6838.35 7142.25
6838.35 7142.66
6838.35 7144.49
6838.35 7145.28
6838.35 7146.8
6838.35 7146.42
6838.35 7146.23
6838.35 7144.78
6838.35 7147.22
6838.35 7148.74
6838.35 7151.5
6838.35 7151.62
6838.35 7151.59
6838.35 7152
6779.49 7149.14
6779.49 7149.55
6779.49 7150.76
6776.4 7147.94
6776.4 7148.7
6776.4 7149.97
6776.4 7153.28
6776.4 7152.98
6776.4 7151.59
6776.4 7153.07
6776.4 7153.84
6776.4 7154.4
6776.4 7156.1
6776.4 7155.81
6776.4 7155.55
6776.4 7156.69
6776.4 7156.86
6776.4 7157.17
6776.4 7159
6776.4 7161.36
6776.4 7159.25
6776.4 7158.1
6776.4 7155.91
6776.4 7154.17
6776.4 7154.85
6776.4 7153.77
6776.4 7154.66
6776.4 7152.84
6776.4 7152.1
6776.4 7154.59
6776.4 7155
6776.4 7154.43
6776.4 7154.11
6776.4 7153.39
6776.4 7151.71
6776.4 7153.16
6776.4 7153.9
6776.4 7152.19
6776.4 7151.14
6776.4 7150.4
6776.4 7149.44
6776.4 7149.12
6776.4 7147.58
6776.4 7148.36
6776.4 7147.27
6776.4 7147.82
6776.4 7148.69
6776.4 7150.49
6776.4 7149.25
6776.4 7148.15
6776.4 7149.21
6776.4 7149.16
6776.4 7148.18
6776.4 7148.69
6776.4 7148.48
6776.4 7148.28
6776.4 7146.52
6776.4 7146.71
6776.4 7146.73
6776.4 7147.07
6776.4 7148.29
6776.4 7148.08
6776.4 7147.27
6776.4 7146.39
6776.4 7147.54
6776.4 7146.53
6776.4 7146.17
6776.4 7145.78
6776.4 7144.62
6776.4 7144.05
6776.4 7143.74
6776.4 7144.28
6776.4 7142.99
6776.4 7141.72
6776.4 7141.79
6776.4 7140.91
6776.4 7140.43
6776.4 7140.01
6776.4 7139.3
6776.4 7138.66
6776.4 7138.15
6776.4 7137.34
6776.4 7139.13
6776.4 7138.65
6776.4 7137.86
6776.4 7138.38
6776.4 7138.28
6776.4 7138.46
6776.4 7138.74
6776.4 7138.37
6776.4 7138.43
6776.4 7136.96
6776.4 7136.6
6776.4 7136.74
6776.4 7136.57
6776.4 7137.39
6776.4 7137.29
6776.4 7137.21
6776.4 7137.16
6776.4 7136.76
6776.4 7136.74
6776.4 7136.34
6776.4 7135.2
6776.4 7134.4
6776.4 7135.01
6776.4 7134.24
6776.4 7134.79
6776.4 7134.52
6776.4 7134.64
6776.4 7134.72
6776.4 7135.66
6776.4 7135.89
6776.4 7136.6
6776.4 7136.22
6776.4 7136.16
6776.4 7136.34
6776.4 7136.61
6776.4 7136.87
6776.4 7137.66
6776.4 7138.55
6776.4 7138.61
6776.4 7137.83
6776.4 7136.86
6776.4 7137.09
6776.4 7138.55
6776.4 7139.42
6776.4 7138.9
6776.4 7139.45
6776.4 7139.28
6776.4 7139.66
6776.4 7139.14
6776.4 7139.01
6776.4 7138.58
6776.4 7139.87
6776.4 7139.96
6776.4 7139.58
6776.4 7139.56
6776.4 7139.56
6776.4 7138.79
6776.4 7138.42
6776.4 7139.11
6776.4 7138.74
6776.4 7138.78
6776.4 7139.25
6776.4 7139.21
6776.4 7139.37
6776.4 7139.37
6776.4 7139.45
6776.4 7138.65
6776.4 7138.48
6776.4 7138.45
6776.4 7138.7
6776.4 7138.08
6776.4 7138.37
6776.4 7138.51
6776.4 7139.51
6776.4 7139.53
6776.4 7140.01
6776.4 7140.83
6776.4 7140.4
6776.4 7139.97
6776.4 7140.81
6776.4 7139.62
6776.4 7139.18
6776.4 7140.07
6776.4 7139.59
6776.4 7139.41
6776.4 7138.83
6776.4 7138.94
6776.4 7139.37
6776.4 7140.3
pcb442.tsp
pr1002.tsp
