9
berlin52.tsp
7542
H
9349.08 9378.31 9365.32 9417.01 9385.48 9403.07 9347.33 9376.68 9389.22 9381.87 
8182.19 8182.19 8182.19 8182.19 8182.19 8182.19 8182.19 8182.19 8182.19 8182.19 
10299.4 10299.4 10299.4 10299.4 10299.4 10299.4 10299.4 10299.4 10299.4 10299.4 
46 48 47 48 48 49 48 48 48 49 
0 0 0 0 0 0 0 0 0 0 
2.06417e-005
0.0010005
R
29902 29921.9 29891.8 29908.7 30009.9 29905.1 29865.1 29921.5 29904.4 29852.7 
23580.5 23580.5 23580.5 23580.5 23580.5 23580.5 23580.5 23580.5 23580.5 23580.5 
34666.1 34666.1 34666.1 34666.1 34666.1 34666.1 34666.1 34666.1 34666.1 34666.1 
753 753 749 752 751 754 747 753 749 753 
0 0 0 0 0 0 0 0 0 0 
1.336e-006
0.0010367
RW
30342.7 29725.4 29845.4 30122.4 29601.5 29778.4 29985.2 30197.3 30019.6 29689.6 
25346.8 25346.8 24664.9 24635.9 24635.9 24230.5 24116.3 24116.3 24116.3 24116.3 
34284.6 34284.6 34284.6 34284.6 34284.6 34284.6 34809.9 34809.9 34809.9 34809.9 
3203 3243 3254 3066 3371 3274 3234 3243 3282 3254 
0 0 0 0 0 0 0 0 0 0 
3.08409e-007
0.0010007
G
7774.92 8112.59 7917.35 8202.4 8008.39 8010.56 8295.35 8020.69 8310.97 8253.7 
7774.92 7774.92 7774.92 7774.92 7774.92 7774.92 7774.92 7774.92 7774.92 7774.92 
7774.92 8112.59 8112.59 8202.4 8202.4 8202.4 8295.35 8295.35 8310.97 8310.97 
66638 50608 104441 46585 64874 41081 46759 54490 28694 55195 
164 178 167 154 175 178 144 154 142 156 
0.0010248
0.0010248
S
8038.03 8076.08 8714.94 7736.35 7971.92 8137.65 8238.36 8295.69 8077.55 8147.56 
8038.03 8038.03 8038.03 7736.35 7736.35 7736.35 7736.35 7736.35 7736.35 7736.35 
8038.03 8076.08 8714.94 8714.94 8714.94 8714.94 8714.94 8714.94 8714.94 8714.94 
70331 55734 58388 66350 65023 65023 61042 67677 66350 63696 
52 41 43 49 48 48 45 50 49 47 
0.0010791
0.0010791
st70.tsp
675
H
824.565 826.644 826.309 828.984 826.695 826.927 826.326 826.684 826.642 826.455 
761.689 761.689 761.689 761.689 761.689 761.689 761.689 761.689 761.689 761.689 
901.271 901.271 901.271 901.271 901.271 901.271 901.271 901.271 901.271 901.271 
92 94 94 93 93 94 93 94 94 93 
0 0 0 0 0 0 0 0 0 0 
3.159e-005
0.00319795
R
3656.09 3652.29 3654.86 3659.87 3655.5 3656.22 3658.44 3662.18 3664.74 3657.21 
2935.57 2935.57 2935.57 2935.57 2935.57 2935.57 2935.57 2935.57 2935.57 2850.26 
4222.84 4265.22 4265.22 4265.22 4265.22 4265.22 4408.65 4408.65 4408.65 4408.65 
1683 1684 1686 1686 1597 1683 1669 1701 1682 1684 
0 0 0 0 0 0 0 0 0 0 
1.77662e-006
0.0030003
RW
3679.71 3665.23 3695.76 3677.7 3642.1 3645.14 3662.47 3670.76 3657.04 3660.8 
3108.29 3060.98 3060.98 3060.98 2900.92 2900.92 2900.92 2900.92 2900.92 2900.92 
4259.25 4293.11 4293.21 4293.21 4293.21 4293.21 4432.06 4432.06 4432.06 4432.06 
8094 8127 8061 8001 8096 8132 8116 8088 8087 8122 
0 0 0 0 0 0 0 0 0 0 
3.69606e-007
0.00319898
G
704.817 728.028 708.694 726.624 717.786 690.776 722.953 698.563 699.198 688.192 
704.817 704.817 704.817 704.817 704.817 690.776 690.776 690.776 690.776 688.192 
704.817 728.028 728.028 728.028 728.028 728.028 728.028 728.028 728.028 728.028 
233871 121988 186054 130758 135128 143829 152035 231075 156360 161401 
251 242 263 213 244 210 208 235 310 240 
0.00295713
0.00295713
S
699.197 734.756 722.062 726.924 725.623 700.667 725.352 698.065 717.955 695.718 
699.197 699.197 699.197 699.197 699.197 699.197 699.197 698.065 698.065 695.718 
699.197 734.756 734.756 734.756 734.756 734.756 734.756 734.756 734.756 734.756 
164288 149792 161872 157040 171536 152208 178784 176368 169120 159456 
67 61 66 64 70 62 73 72 69 65 
0.00286041
0.00286041
eil76.tsp
538
H
664.864 664.558 667.681 666.188 665.354 662.968 664.159 665.758 664.707 664.305 
612.656 612.656 612.656 612.656 612.656 612.656 612.656 612.656 612.656 612.656 
741.967 741.967 741.967 741.967 741.967 741.967 741.967 741.967 741.967 741.967 
112 109 113 112 140 113 112 112 113 112 
0 0 0 0 0 0 0 0 0 0 
3.55095e-005
0.004
R
2525.65 2527.4 2526.89 2527.21 2527.99 2528.35 2528.46 2524.84 2522.71 2528.29 
2201.86 2123.53 2123.53 2101.19 2101.19 2101.19 2101.19 2101.19 2101.19 2101.19 
2869.53 2880.84 2929.08 2929.08 2929.08 2929.08 2929.08 2929.08 2929.08 2929.08 
2061 2014 2075 2076 2073 2075 2064 2073 2076 2074 
0 0 0 0 0 0 0 0 0 0 
1.92353e-006
0.00424268
RW
2520.78 2511.47 2543.71 2512.61 2516.04 2526.68 2524.33 2524.69 2502.36 2515.2 
2155.36 2155.36 2130.87 2107.36 2107.36 2107.36 2107.36 2107.36 2098.59 2098.59 
2998.04 2998.04 2998.04 2998.04 2998.04 2998.04 2998.04 2998.04 2998.04 2998.04 
10204 10262 10229 10273 10191 12733 10156 10186 10286 10214 
0 0 0 0 0 0 0 0 0 0 
3.90671e-007
0.0040004
G
570.945 575.578 577.306 588.215 597.098 562.954 565.36 582.231 574.886 592.468 
570.945 570.945 570.945 570.945 570.945 562.954 562.954 562.954 562.954 562.954 
570.945 575.578 577.306 588.215 597.098 597.098 597.098 597.098 597.098 597.098 
211637 291101 163373 167754 99372 241784 138933 257827 192789 139272 
244 280 263 235 236 260 250 248 258 289 
0.0035021
0.0035021
S
594.56 585.464 578.161 592.433 586.858 575.52 578.379 590.79 571.365 600.541 
594.56 585.464 578.161 578.161 578.161 575.52 575.52 575.52 571.365 571.365 
594.56 594.56 594.56 594.56 594.56 594.56 594.56 594.56 594.56 600.541 
208123 191017 193868 191017 176762 216676 210974 188166 205272 191017 
72 66 67 66 61 75 73 65 71 66 
0.00335345
0.00335345
rd100.tsp
7910
H
10099 10103.4 10117 10105 10106.5 10111.8 10101 10132.3 10112.7 10125.2 
9427.33 9427.33 9427.33 9427.33 9427.33 9427.33 9427.33 9427.33 9427.33 9427.33 
10774.8 10774.8 10774.8 10774.8 10774.8 10774.8 10774.8 10774.8 10774.8 10774.8 
158 155 160 155 159 160 154 161 159 161 
0 0 0 0 0 0 0 0 0 0 
5.50739e-005
0.0092974
R
55569.4 55644.1 55591.6 55517.8 55479.9 55504.9 55551 55487.1 55593.9 55568.1 
45374.8 45374.8 45374.8 45374.8 43538.4 43538.4 43538.4 43538.4 43538.4 43538.4 
63709.7 63709.7 64127.7 64127.7 64127.7 64127.7 64134.9 64134.9 65078.8 65078.8 
3412 3570 3449 3555 3439 3526 3385 3472 3445 3470 
0 0 0 0 0 0 0 0 0 0 
2.62258e-006
0.0090036
RW
55676.4 55570.7 55516.2 55659.5 55460.1 55637.3 55716 55797.2 55360.1 55518.3 
48444.3 47703.6 45462.3 45462.3 45462.3 45462.3 45462.3 45462.3 45462.3 45462.3 
64226.8 64226.8 64226.8 64226.8 64226.8 64226.8 64226.8 64357.8 64357.8 64357.8 
18274 18996 18944 19027 18981 18954 18858 18877 19005 19044 
0 0 0 0 0 0 0 0 0 0 
4.89166e-007
0.00901261
G
8612.1 8532.31 8440.39 8298.55 8191.86 8575.88 8333.07 8514.97 8555.89 8429.97 
8612.1 8532.31 8440.39 8298.55 8191.86 8191.86 8191.86 8191.86 8191.86 8191.86 
8612.1 8612.1 8612.1 8612.1 8612.1 8612.1 8612.1 8612.1 8612.1 8612.1 
647217 549115 505118 493846 471424 601822 387918 579904 479409 570522 
420 355 412 368 403 441 367 395 402 432 
0.00974294
0.00974294
S
8738.44 8139.8 8747.68 8605.52 8296.01 8849.38 8719.37 8441.29 8512.48 8328.7 
8738.44 8139.8 8139.8 8139.8 8139.8 8139.8 8139.8 8139.8 8139.8 8139.8 
8738.44 8738.44 8747.68 8747.68 8747.68 8849.38 8849.38 8849.38 8849.38 8849.38 
460443 544610 505002 495100 514904 455492 465394 509953 539659 524806 
92 109 101 99 103 91 93 102 108 105 
0.00905797
0.00905797
kroA100.tsp
21282
H
27053.5 27025.7 27036.2 27050.3 27066.2 27030.1 27051.8 27030.3 27053.5 27037.4 
24698.5 24698.5 24698.5 24698.5 24698.5 24698.5 24698.5 24698.5 24698.5 24698.5 
28694.7 28694.7 28694.7 28694.7 28694.7 28694.7 28694.7 28694.7 28694.7 28694.7 
181 182 182 178 183 183 181 183 183 182 
0 0 0 0 0 0 0 0 0 0 
5.48177e-005
0.010001
R
171061 171190 171215 171208 171136 170970 171092 171222 171223 171088 
145961 140450 140450 140450 140450 137634 137634 137634 137634 137634 
198615 198615 208208 208208 208208 208208 208208 208208 208208 208208 
3922 3888 3919 3954 3956 3956 3957 3949 3936 3877 
0 0 0 0 0 0 0 0 0 0 
2.52559e-006
0.0102741
RW
170888 170490 170731 171659 171108 171641 171058 171077 170676 169923 
144106 144106 141322 141322 139873 139873 139873 139873 139873 138545 
196845 201903 201903 201903 201903 201903 201903 201903 201903 204036 
21186 21147 21136 21133 21244 21040 23221 21009 21172 21134 
0 0 0 0 0 0 0 0 0 0 
4.71558e-007
0.010001
G
21935.8 21683 22043.4 21385 21962.9 22562.9 22281.3 22728.3 22195.2 22219.4 
21935.8 21683 21683 21385 21385 21385 21385 21385 21385 21385 
21935.8 21935.8 22043.4 22043.4 22043.4 22562.9 22562.9 22728.3 22728.3 22728.3 
627115 752966 729452 397744 642577 565316 302478 663477 627045 593209 
390 411 411 389 391 359 408 349 403 387 
0.0105095
0.0105095
S
22560.3 22823 23725 22536.9 22938.4 23165.7 22593.1 22636.7 23666.7 24274 
22560.3 22560.3 22560.3 22536.9 22536.9 22536.9 22536.9 22536.9 22536.9 22536.9 
22560.3 22823 23725 23725 23725 23725 23725 23725 23725 24274 
519855 514904 509953 608973 564414 574316 544610 534708 519855 490149 
104 103 102 122 113 115 109 107 104 98 
0.00929368
0.00929368
lin105.tsp
14379
H
18727.4 18742.1 18706.1 18699.4 18712.9 18693.2 18714.4 18759.9 18752.8 18702.8 
16939.4 16939.4 16939.4 16939.4 16939.4 16939.4 16939.4 16939.4 16939.4 16939.4 
20590.3 20590.3 20590.3 20590.3 20590.3 20590.3 20590.3 20590.3 20590.3 20590.3 
187 205 188 188 188 188 188 189 188 189 
0 0 0 0 0 0 0 0 0 0 
6.3402e-005
0.0122137
R
123596 123752 123660 123709 123621 123609 123730 123548 123607 123583 
101097 101097 101097 101097 101097 101097 101097 101097 101097 98593.9 
144100 144992 144992 144992 144992 144992 144992 144992 144992 148959 
4501 4504 4520 4517 4521 4500 4518 4520 4517 4517 
0 0 0 0 0 0 0 0 0 0 
2.66594e-006
0.0120012
RW
123792 124254 124040 123762 123314 124002 124107 124039 124025 123467 
103288 103288 103288 103092 100163 99713.4 99713.4 99713.4 99713.4 99713.4 
141824 145422 146672 146672 146672 146672 146672 146672 146672 146672 
24054 24281 24247 24085 24119 24426 24367 24212 24194 24247 
0 0 0 0 0 0 0 0 0 0 
4.91323e-007
0.0122173
G
15847.7 15133.9 15513.6 15149.9 15450 15582.5 15413 15367.2 15912.8 15211.3 
15847.7 15133.9 15133.9 15133.9 15133.9 15133.9 15133.9 15133.9 15133.9 15133.9 
15847.7 15847.7 15847.7 15847.7 15847.7 15847.7 15847.7 15847.7 15912.8 15912.8 
600057 713467 856891 586091 527891 765986 680431 764067 684621 768371 
382 429 421 414 389 376 411 380 406 427 
0.0123531
0.0123531
S
15418.6 15240.9 15305.6 15899.1 14989 15791.7 15363.3 14638.9 15439.5 15538.4 
15418.6 15240.9 15240.9 15240.9 14989 14989 14989 14638.9 14638.9 14638.9 
15418.6 15418.6 15418.6 15899.1 15899.1 15899.1 15899.1 15899.1 15899.1 15899.1 
622554 649859 606171 567944 611632 584327 611632 617093 606171 617093 
113 118 110 103 111 106 111 112 110 112 
0.0106496
0.0106496
ch150.tsp
6528
H
7697.57 7692.12 7698.52 7700.69 7696.81 7700.43 7694.92 7696.23 7701.33 7696.39 
7078.44 7078.44 7078.44 7078.44 7078.44 7078.44 7078.44 7078.44 7078.44 7078.44 
8451.16 8451.16 8451.16 8451.16 8451.16 8451.16 8451.16 8451.16 8451.16 8451.16 
309 310 310 310 310 311 310 320 311 307 
0 0 0 0 0 0 0 0 0 0 
0.000105803
0.033
R
53897.4 53925.5 53915.5 53893.2 53892.9 53849.8 53903.8 53923.9 53901.6 53903.6 
46998.4 46998.4 46998.4 46051.3 46051.3 46051.3 46051.3 46051.3 46051.3 46051.3 
61229.9 61229.9 61229.9 61229.9 61229.9 61229.9 61395.7 61395.7 61395.7 61395.7 
8713 8731 8736 8735 8734 8737 8734 8736 8599 8990 
0 0 0 0 0 0 0 0 0 0 
3.74954e-006
0.0337037
RW
53952.4 53968.2 53820.1 53955.5 53934.6 53984.5 53993.4 53891.2 53682 54102.3 
47169.9 47169.9 46323.7 46323.7 46323.7 46323.7 45974.1 45974.1 45974.1 45974.1 
60132.1 60132.1 60132.1 60132.1 61359.3 61359.3 61359.3 61359.3 61359.3 61359.3 
51075 51061 50862 50647 51160 50911 52655 50912 50714 51158 
0 0 0 0 0 0 0 0 0 0 
6.39968e-007
0.033
G
6958.43 7167.91 7005.4 6842.24 7140.6 7114.86 6792.75 6863.3 6886.34 7104.19 
6958.43 6958.43 6958.43 6842.24 6842.24 6842.24 6792.75 6792.75 6792.75 6792.75 
6958.43 7167.91 7167.91 7167.91 7167.91 7167.91 7167.91 7167.91 7167.91 7167.91 
1685147 1870744 2349692 2580740 2025701 2683888 2344947 1866840 2052552 2397279 
645 631 653 685 637 671 701 675 632 660 
0.0363007
0.0363007
S
7075.17 6919.51 7123.84 7408.26 7105.71 6992.76 6872.06 7299.75 7149.08 7292.47 
7075.17 6919.51 6919.51 6919.51 6919.51 6919.51 6872.06 6872.06 6872.06 6872.06 
7075.17 7075.17 7123.84 7408.26 7408.26 7408.26 7408.26 7408.26 7408.26 7408.26 
1743456 1776984 1844040 1844040 1721104 1844040 1754632 1810512 1743456 1732280 
155 158 164 164 153 164 156 161 155 154 
0.030303
0.030303
pcb442.tsp
50778
H
62218.4 62222.6 62231.1 62228.8 62227.3 62227 62226.2 62225.4 62223.1 62245.5 
58953 58953 58953 58953 58953 58953 58953 58953 58953 58953 
66163.7 66163.7 66163.7 66163.7 66163.7 66163.7 66163.7 66163.7 66163.7 66163.7 
1337 1335 1317 1317 1318 1310 1324 1329 1316 1311 
0 0 0 0 0 0 0 0 0 0 
0.000782125
1.0335
R
772546 772621 772702 772605 772568 772642 772629 772637 772658 772606 
705472 703565 703565 703355 703355 702311 702311 702311 702311 698864 
838539 838539 838539 838539 838539 839598 843405 843405 843405 843405 
88512 88998 88820 89051 89738 88664 88745 89502 88713 88325 
0 0 0 0 0 0 0 0 0 0 
1.16189e-005
1.033
RW
773523 772857 773093 773152 772735 772032 772728 772732 773025 772560 
708495 708495 707945 707945 706098 704165 702722 702722 702722 702722 
832877 834719 834719 839860 839860 839860 839860 839860 839860 840057 
632376 627763 633267 627400 628948 635211 639533 629521 628151 628545 
0 0 0 0 0 0 0 0 0 0 
1.6369e-006
1.033
G
55424.5 55483.1 54012.6 55039.9 55383.2 55500 53847.6 54997.7 53812.7 55237.4 
55424.5 55424.5 54012.6 54012.6 54012.6 54012.6 53847.6 53847.6 53812.7 53812.7 
55424.5 55483.1 55483.1 55483.1 55483.1 55500 55500 55500 55500 55500 
68978777 64776363 56786053 68561270 49682155 41920176 61067777 61910623 78728334 91755957 
2490 2506 2414 2526 2570 2548 2574 2555 2550 2531 
1.1468
1.1468
S
56821.2 55971 55706.5 56302.1 55281.8 56966.5 56707.7 55950.5 57252.1 57705.4 
56821.2 55971 55706.5 55706.5 55281.8 55281.8 55281.8 55281.8 55281.8 55281.8 
56821.2 56821.2 56821.2 56821.2 56821.2 56966.5 56966.5 56966.5 57252.1 57705.4 
48438614 49218310 50582778 50777702 50485316 48828462 49803082 51362474 47269070 48828462 
496 504 518 520 517 500 510 526 484 500 
0.833333
0.833333
pr1002.tsp
259045
H
328300 62222.6 62231.1 62228.8 62227.3 62227 62226.2 62225.4 62223.1 62245.5 
312237 0 0 0 0 0 0 0 0 0 
349441 3.29866e-307 65536 3.29703e-307 3.29698e-307 66163.7 66163.7 66163.7 66163.7 66163.7 
5335 1335 1317 1317 1318 1310 1324 1329 1316 1311 
0 0 0 0 0 0 0 0 0 0 
0.00385361
20.559
R
6.4485e+006 772621 772702 772605 772568 772642 772629 772637 772658 772606 
6.01691e+006 703565 703565 703355 703355 702311 702311 702311 702311 698864 
6.85898e+006 838539 838539 838539 838539 839598 843405 843405 843405 843405 
672133 88998 88820 89051 89738 88664 88745 89502 88713 88325 
0 0 0 0 0 0 0 0 0 0 
3.05847e-005
20.557
RW
6.44759e+006 772857 773093 773152 772735 772032 772728 772732 773025 772560 
6.03756e+006 708495 707945 707945 706098 704165 702722 702722 702722 702722 
6.84587e+006 834719 834719 839860 839860 839860 839860 839860 839860 840057 
5740852 627763 633267 627400 628948 635211 639533 629521 628151 628545 
0 0 0 0 0 0 0 0 0 0 
3.58065e-006
20.556
G
282530 55483.1 54012.6 55039.9 55383.2 55500 53847.6 54997.7 53812.7 55237.4 
282530 55424.5 54012.6 54012.6 54012.6 54012.6 53847.6 53847.6 53812.7 53812.7 
282530 55483.1 55483.1 55483.1 55483.1 55500 55500 55500 55500 55500 
1237140184 64776363 56786053 68561270 49682155 41920176 61067777 61910623 78728334 91755957 
8062 0 0 0 0 0 0 0 0 0 
22.839
22.839
S
306060 55971 55706.5 56302.1 55281.8 56966.5 56707.7 55950.5 57252.1 57705.4 
306060 55971 55706.5 55706.5 55281.8 55281.8 55281.8 55281.8 55281.8 55281.8 
306060 56821.2 56821.2 56821.2 56821.2 56966.5 56966.5 56966.5 57252.1 57705.4 
540619156 49218310 50582778 50777702 50485316 48828462 49803082 51362474 47269070 48828462 
1078 0 0 0 0 0 0 0 0 0 
10.004
10.004
