7
200
berlin52.tsp
G
31099.5 7774.92
31003.8 8112.59
30291.9 7917.35
30769.9 8202.4
29983.4 8008.39
29392.3 8010.56
25647.6 8295.35
29719.1 8020.69
28565.7 8310.97
29914.1 8253.7
30185.5 8228.08
29542.4 8073.06
30347.9 8070.23
28650.2 8140.86
29978.9 8168.23
31412.2 8328.19
30110 8390.67
31313.1 8324.91
28881.2 7902.73
29877.3 7957.37
28953.1 8304.68
31194.7 8041.65
28756.7 7735.8
31676.6 8066.01
26543.3 8061.58
30632.4 7933.01
32325.9 7945.96
28359.1 8231.05
30543.1 7969.89
30068.2 8081.27
31060.7 8747.85
30026.9 8406.78
32758.2 7784.55
29409.4 8155.06
32562.4 8425.46
28999.7 8413.87
30132.5 8383.04
31997.5 8144.07
31179.8 7862.97
29595.7 7864.9
28231.9 8376.65
30575.5 8150.42
31308.5 8283.5
28650.5 7735.8
28289.9 8365.11
30163.2 8205.9
31398.1 8366.63
29370.7 8605.52
29332.8 7885.62
29294.6 7984.57
27197.7 8379.01
28842.9 8100.29
28600.7 8156.58
30589.7 8563.59
30443.8 8499.55
30095.8 8023.42
31776.2 8282.6
30930.8 8335.99
28409.1 7998.76
30808.6 7968.4
30366.3 8074.96
32669.1 8087.84
31920.6 8052.71
31025.4 8052.62
29977 8291.88
31708.1 8213.1
32205.6 7978.68
31162.4 8255.03
31047.3 7939.12
32059.3 8135.84
28068.1 7899.88
28423 7807.76
30379.4 8678.7
29358 7867.45
27929.1 8543.5
29033.8 7684.58
29884.6 8402.64
28835.6 7951.72
27329.2 8574.26
31330.4 8095.03
28424.7 8340.89
27618 8211.47
27960.4 7859.68
31264 8328.15
30263.4 8032.38
31152.3 7845.72
29297.4 8239.27
28310.1 7733.75
27415.6 8125.34
28982 8066.28
32794.6 8025.49
29720.6 7882.03
29431.8 8042.21
30060.8 8252.35
28937.7 8328.99
27752.6 8112.42
29454 8006.21
29628.4 8198.03
29279.2 8327.18
31649.9 8080.05
27384.6 7900.66
30141.9 7880.82
30077.1 8209.74
27074.1 8334.88
31879.4 8090.11
31935.7 8315.87
31246.4 8512.81
30762.1 8102.65
28788.7 7920.43
28230.2 8061.37
32966.5 8407.77
31527.8 7861.81
29327.9 8175.17
27150.3 7800.28
29083.7 8002.79
31354.5 8210.98
31124.5 7946.77
30431.1 8151.59
29100 8074.99
27906.4 8264.24
30231.5 8299.45
30651.5 8276.6
29750.8 8254.44
30119.2 8498.1
30286.6 8387.84
29206.2 8087.83
28524.4 7884.88
30003.3 8485.25
31413.8 8487.65
29861 7800.28
29953.5 7730.96
29478.5 8236.99
31562.6 8269.5
30787.2 7742.65
29769.3 7912.91
29109.4 7888.1
27949.9 8426.32
28217.9 8471.65
31452.1 8197.69
27293.8 7544.37
29790.2 8045.23
29359.3 8042.71
27409.1 7870.99
26932.9 7759.8
29292.9 8231.2
30276.8 7963.2
33063.7 8328.58
28002.5 8489.37
28834.7 8487.43
28771.2 8188.16
32290.4 8221.44
28570.2 8724.12
27698.2 7865.68
30339.3 7825.87
29654.1 8105.87
30476.3 8372.33
30342.1 8213.58
30129.4 8078.73
29441.1 8257.85
32129.8 8467.08
27318.4 8055.41
30722.8 7994.12
32166.4 8553.74
30422.3 7711.84
32267.7 8124.37
30358.9 8025.06
27198.4 8225.87
31169.1 8062.39
31200.2 8371.79
30174.7 8050.4
31055.5 8329.76
31199.3 8741.56
29864.6 7981.84
29461.9 8320.26
27790.8 8146.06
31521.4 8541.33
29999.9 8528.61
29811.3 8246.14
29835.9 8513.46
28595.4 7955.08
28030.2 8312.98
30164.5 8015.28
29340.6 8379.35
29632.3 8212.95
32231.2 8538.91
28958.3 8358.03
29192.4 7882.03
28288.4 8309.57
29400.2 8346.1
28912.6 8354.62
30127.6 8133.66
32098.2 8349.98
29271.7 8174.37
26680.8 8010.48
28467.6 7932.1
29323.1 8480.6
29701.5 7870.51
31204 8660.13
28295.3 7824.14
31170.8 8059.52
S
32336.9 8038.03
31983.8 8076.08
28509.1 8714.94
30743.2 7736.35
27364.9 7971.92
30684.8 8137.65
30285.3 8238.36
29826.4 8295.69
30956.9 8077.55
29804.1 8147.56
32223.7 8060.21
29741.3 7816.43
28909.4 8407.97
29821.9 8105.81
31189.5 7903.96
26392.8 8130.17
30889.6 8055.04
30629 7821.77
31107.4 8232.56
30835.6 8232.5
30408.7 8364.58
27405.8 7831.08
30001.5 8144.64
28131.2 8465.63
26685 7713.03
30262.3 8039.01
28275.3 8499.55
30990 8234.32
32622.2 7936.8
26488 7914.76
28457.3 8144.99
31584 8307.81
29050.3 8039.19
29944.6 7989.5
25846.5 7887.23
28613.3 8370.7
30069.7 8292.22
30526.2 8237.67
29300.4 7951.86
30980.3 7757.04
25495.5 7968.39
28330.8 8369.73
32736.9 8324.35
32337.6 8047.24
28686 8036.94
28808.8 7544.37
31161.6 8434.1
30241.1 8091.8
29573.7 8032.8
30177.7 8267.42
29588.1 7848.07
30307.4 7974.93
31266.4 7843.23
30694.8 8141.21
26087.4 8209.45
32349.9 7914.62
31507.5 8381.8
29989.5 8017.78
30416.8 8120.88
29669.5 7719.88
28665.5 8081.59
30762.9 7887.23
30358.2 7994.78
28094 7821.42
30525.5 7977.84
28073.9 8325.96
31491.8 8052.15
28852.1 8202.27
29363.8 8276.35
30419 7996.78
26381.2 7943.52
28836.4 8226.82
31316.6 7837.13
30245.7 8603.29
31617 8207.96
31685.2 8178.08
27802.3 8346.81
30610.7 8235.75
29848.9 8254.86
28625 8402.5
30138 8161.37
29353.5 8527.45
29461.7 8078.41
29499.7 8312.97
27436.3 8172.91
27210.6 8502.66
30767.9 8305.91
29762 7958.9
28891.3 8121.99
29832.6 8046.17
28729.6 7915.57
28055.5 7933.8
29769.6 7707.62
25548 8031.85
26508.5 8368.35
29398.6 7898.4
31234.2 8272.27
29637.2 8458.8
29426.8 7914.29
31528.4 7932.86
29847.4 8039.62
28542.1 7812.1
31351.5 7971.06
31689.2 8271.88
33559.6 7838.4
30225 8056.73
28161.7 7986.65
29985.9 8810.22
31416.5 7984.93
32668.5 7954.42
31092.1 8374.42
30647.2 7598.44
30096.7 7893.86
31721 8308.57
29967.2 7810.59
29978.6 8334.75
31208.1 8152.05
31480 8056.41
29473.4 8114.25
30835.7 8227.99
29649.9 8119.63
29371.4 8057.71
31999.5 8121.32
29362 8100.41
30318.1 8085.68
29436.6 8508.42
28452.9 8284.55
29240.1 7872.43
29936.7 8056.01
29035.8 8482.78
28844.2 8883.17
29087.8 7958.53
31753.5 7978.68
27956.5 7909.56
28226 8153.34
28591.2 8038.83
26236.8 8199.87
29127.8 8147.61
29645.8 8199.57
29617.2 8391.22
29986.5 8528.18
29970.3 8097.58
30053.7 7854.79
28553.2 8300.35
32726.6 8451.21
29621.3 8288.17
31486.8 8051.55
31229.6 8351.6
30286.3 7998.76
31082.9 7787.17
27272.6 8172.16
29770.8 7886.83
29930.5 8757.48
30689.6 8233.41
31784.4 8335.77
29490.8 8157.47
30201.9 7968.13
32394 7974.26
27956.2 8333.58
31894.2 8194.81
28454.6 8265.6
31285.2 8065.79
32215.8 7998.56
29963 8114.51
31351.9 8048.83
29696.5 8014.16
31934.8 8203.7
30295.9 8345.62
28425 8089.71
28885.5 7936.44
30444.5 8528.62
28830.4 8064.04
27748.1 8489.9
29754.8 8094.3
29423.1 8515.18
30285.3 7544.37
28964.3 8050.71
29656.6 7815.01
31587.4 8054.02
30698.6 8051.7
30592.3 8145.29
27961.8 8445.05
31031.6 8741.54
26497.4 8112.67
30873.6 8342.92
32076.2 8284.37
31123.7 7544.37
31999.6 7837.13
30500.3 8409.76
27532.8 8109.68
29853.7 8128.37
28624.6 8383.73
30984.8 7544.37
31313.7 8379.26
31362.5 8607.57
29023.6 8091.72
28834.5 8077.48
28117.9 8077.88
31814.1 8084.17
29032.7 7913.35
st70.tsp
G
3800.11 704.817
3534.55 728.028
4027.28 708.694
3567.59 726.624
3778.4 717.786
3540.47 690.776
3396.33 722.953
3860.39 698.563
4097.43 699.198
3524.17 688.192
3534.92 707.886
3857.08 704.759
3815.31 695.24
3586.31 708.213
3656.66 704.817
4042.45 701.745
3715.66 709.127
3684.41 698.626
3893.97 726.34
3527.64 703.321
3569.57 694.671
3890.97 704.838
3654.52 691.105
3623.41 699.537
3734.32 727.834
3591.57 706.58
3558.46 704.534
3490.64 702.35
3446.51 707.128
3732.3 729.166
3378.56 748.823
3801.29 711.389
3969.16 702.422
3298.75 699.648
3833.24 718.513
3749.06 697.839
3613.91 710.758
3541.03 716.064
3713.42 700.264
3619.4 712.319
3558.58 699.181
3648.29 688.637
3706.32 707.969
3563.31 705.751
3711.79 725.252
3919.75 690.566
3713.78 687.072
3643.63 725.68
3868.2 691.409
3526.83 740.467
3544.08 720.818
3897.52 746.762
3371.54 739.49
3740.98 715.086
3552.92 718.111
3315.38 692.261
3350.34 710.096
3764.83 693.352
3706.3 740.235
3756.97 705.541
3767.17 717.026
3591.05 696.952
3486.15 713.979
3580.78 723.433
3239.73 733.525
3792.19 713.571
3950.93 703.255
3789.63 733.879
3833.96 731.316
3312.35 701.243
3805.48 718.95
3421.62 738.786
3375.08 717.824
3562.4 698.721
3550.93 700.027
3419.19 698.398
3668.3 736.196
3686.97 734.205
4009.12 714.752
3608.19 710.497
3228.74 726.718
3785.97 736.849
3611.17 734.029
3507.79 722.69
3507.92 740.845
3728 706.411
3796.03 734.762
3557.84 738.96
3703.48 722.565
3566.66 689.602
3527.16 694.127
3705.27 706.258
3540.44 695.828
3582.24 712.954
3667.62 701.03
3738.26 686.411
3882.65 702.857
3726.44 688.436
3775.36 718.029
3367.06 715.868
3546.42 706.258
3782.17 704.586
3656.56 724.031
3250.42 694.702
3662.61 745.837
3488.91 722.301
3264.01 749.633
3519.33 717.155
3731.21 716.278
3495.62 685.9
3709.2 713.567
3941.62 698.659
3331.02 697.106
3697.52 709.314
3292.94 708.229
3616.72 715.734
3596.42 707.227
3693.9 693.016
4002.44 744.062
3484.19 703.262
3757.37 721.903
3792.36 705.106
3509.08 718.46
3847.36 706.277
4016.04 701.667
3708.44 729.04
3673.72 715.565
3516.61 739.279
3790.43 716.362
3999.96 692.964
3868.8 722.667
3693.2 718.403
3381.47 712.833
3849.2 699.243
3395.06 712.847
3707.3 729.083
3414.71 709.987
3709.78 703.647
3655.75 714.925
3744.82 731.437
3934.87 710.956
3665.67 705.918
3760.92 737.355
3919.78 753.842
3891.91 730.639
3937.11 722.412
3599.75 684.114
3588.85 698.331
3561.2 689.787
3752.89 708.363
3404.54 735.493
3620.72 692.586
3879.09 750.783
3590.93 719.984
3461.58 716.831
3756.13 702.702
3508.29 742.405
3241.46 745.283
3893.81 687.98
3401.69 704.604
3380.31 709.917
3413.12 700.19
3325.55 729.849
3544.23 733.318
3799.46 741.975
3937.31 694.15
3724.27 724.91
3920.92 709.589
3533.66 744.423
3600.82 699.415
3819.93 752.456
3601.18 709.961
3593.58 725.218
3706.98 690.424
3638.53 693.116
3970.82 697.57
4007.09 724.773
3733.31 700.292
3557.57 698.703
3774.21 690.273
3589.09 722.249
3821.13 764.751
3874.42 720.449
3738.49 695.641
3422.34 700.544
3762.73 704.137
4082.91 704.7
3669.4 712.224
3781.08 715.203
3610.14 708.742
3692.92 704.065
3476.86 697.682
3911.31 729.4
3794.52 689.066
3819.32 725.212
3363.69 695.042
3968.2 706.194
3667.87 700.574
3556.24 710.759
3781.88 729.572
S
3568.56 699.197
3922.82 734.756
3626.19 722.062
3881.29 726.924
3656.46 725.623
3569.41 700.667
3731.45 725.352
3800.63 698.065
3692.06 717.955
3723.6 695.718
3351.14 722.889
3589.46 731.045
3785.64 753.524
3708.55 727.067
3808.96 723.868
3639.25 717.75
3585.24 715.955
3868.28 698.242
3433.45 709.768
3495.54 722.795
3769.06 725.815
3546.31 737.045
3486.59 707.399
3742.61 705.012
3632.25 692.204
3546.13 750.73
3644.1 731.495
3649.41 726.934
3657.93 739.693
3615.05 755.8
3614.78 713.797
3612.01 717.8
3779.78 694.163
3911.5 733.63
3658.52 733.379
3547.68 693.986
3281.89 741.492
3734.1 718.436
4108.52 730.241
3745.79 717.17
3586.24 700.081
3557.16 726.649
4226.29 720.886
3625.41 713.331
3955.83 722.149
3727.71 706.081
3721.03 715.605
3480.46 720.158
3468.84 717.358
3478.15 714.619
3713.97 715.505
3641.11 726.922
3710.88 726.386
3506.19 731.533
3293.16 706.616
3777.08 730.604
3640.88 716.084
3736.71 740.79
3567.58 696.804
3837.75 736.442
3420.44 730.135
3592.6 726.289
3914.9 753.704
3733.5 698.517
3658.33 688.645
3616.02 698.403
3608.72 780.398
3625.36 711.19
3776.85 682.151
3673.12 719.468
3471.39 713.54
3071.38 714.421
3515.15 701.082
3586.94 717.207
3293.33 736.817
3880.65 739.353
3830.42 692.587
3474.26 726.271
3703.79 695.844
3767.42 706.441
3687.49 706.335
3576.77 696.231
3761.44 719.613
3339.54 737.237
3487.19 718.475
3674.98 703.094
3587.61 734.424
3745.06 689.551
3295.74 729.312
3301.95 704.61
3678.27 725.864
3528.15 706.024
3409.66 697.906
3490.88 764.722
3695.5 726.766
3832 723.651
4055.77 704.296
3366.05 730.744
3594.17 721.247
3888.12 747.466
3589.51 748.242
3735.6 709.102
3546.16 700.352
3749.42 722.975
3387.07 729.47
3335.28 719.108
3582.59 725.651
3496.67 718.732
3644.56 720.347
3834.98 715
3852.3 730.377
3336.62 701.758
3630.96 726.014
3710.78 713.345
3839.86 720.479
3762.19 720.086
3724.24 732.51
4031.75 725.956
3820.04 708.045
3444.27 682.575
3801.34 705.075
3827.04 716.255
3527.18 691.936
3783.14 727.046
4139.12 720.974
3349.65 696.892
3479.4 714.602
3642.07 704.889
3679.41 689.445
3651.65 741.57
3544.43 725.751
3771.19 692.345
3603.53 695.178
3470.08 704.475
3456.94 715.505
3803.92 752.104
3689.45 703.891
3691.59 718.869
3776.91 696.05
3281.29 709.799
3451.43 707.39
3590.94 703.566
3600.01 749
3996.17 715.275
3763.62 717.197
3813.01 719.294
3752.84 705.043
3635.31 692.554
3819.12 730.126
3356.32 710.984
3691.23 705.322
3581.02 704.129
3505.46 684.696
3881.11 696.564
3598.07 722.418
3723.2 750.522
3453.97 713.336
3845.16 732.406
3764.17 717.437
3707.7 683.277
3424.47 737.35
3628.45 714.25
3746.47 696.034
3760.09 709.382
3640.2 743.626
3430.17 701.642
3544.51 715.13
3399.45 689.998
3406.6 693.417
3498.17 736.215
3514.82 730.807
3629.93 683.094
3670.64 705.632
3616.45 701.103
3866.59 702.147
3334.24 694.851
3754.55 736.061
3456.15 740.179
3522.87 733.376
3570.58 759.584
3589.17 699.321
3688.01 743.195
3728.97 703.293
3518.77 732.615
3627.92 738.72
3644.96 707.53
3497.89 699.467
3689.61 723.038
3406.98 697.298
3888.6 768.09
3367.07 721.622
4008.15 745.118
3734.74 752.465
3469.89 726.492
3619.08 704.717
3372.09 709.616
3751.15 711.856
3826.73 703.334
3486.14 709.12
3864.48 710.015
eil76.tsp
G
2505.84 570.945
2673.46 575.578
2508.72 577.306
2495.02 588.215
2380.92 597.098
2703.36 562.954
2606.27 565.36
2390.03 582.231
2611.59 574.886
2687.42 592.468
2433.85 592.545
2554.18 621.014
2601.89 592.026
2589.02 588.628
2643.13 562.617
2571.69 595.82
2341.31 590.141
2448.17 567.824
2554.1 581.838
2467.87 581.822
2556.61 563.231
2679.74 583.042
2401.84 571.607
2363.57 572.173
2524.03 596.912
2523.56 590.544
2542.69 569.548
2490.14 594.801
2750.46 574.993
2555.8 585.942
2790.27 576.392
2635.59 575.119
2424.77 578.513
2550.19 584.197
2647.44 577.946
2451.91 564.595
2571.7 582.975
2321.14 579.944
2402.21 583.99
2678.44 591.368
2550.17 561.148
2575.67 569.484
2421.08 585.461
2316.98 576.072
2656.49 568.271
2499.07 582.435
2381.51 600.47
2813.54 566.458
2537.6 591.06
2331.53 571.767
2533.7 577.905
2603.62 573.469
2490.26 607.772
2559.12 569.842
2595.87 574.085
2312.64 583.368
2612.57 596.699
2565.78 559.094
2485.19 576.743
2577.88 586.739
2506.66 572.391
2476.14 597.993
2493.78 574.482
2546.68 593.974
2450.54 564.583
2644.82 568.507
2497.7 567.393
2568.53 574.605
2498.44 583.359
2708.73 580.716
2300.84 583.798
2713.13 574.048
2593.5 561.709
2603.62 567.579
2505.71 568.662
2510.76 589.171
2453.22 601.482
2805.45 582.497
2559.61 583.805
2586.66 562.888
2738.85 571.893
2532.85 581.663
2580.94 587.32
2411.67 573.506
2546.97 595.89
2699.63 578.178
2474.06 594.289
2640.93 566.752
2558.21 599.074
2335.34 575.283
2470.89 596.573
2449.4 581.736
2360.9 586.446
2453.8 569.33
2480.12 577.401
2544.68 594.379
2477.95 575.279
2528.47 578.147
2497.79 579.526
2495.09 560.647
2606.08 585.669
2494.18 578.132
2641.18 586.75
2658.9 582.443
2522.08 563.902
2544.15 582.872
2594.47 578.821
2471.36 573.201
2621.28 571.869
2557.6 596.656
2553.55 579.396
2478.93 564.417
2480.11 584.34
2331.11 573.759
2418.98 584.219
2400.4 574.912
2443.85 574.386
2673.19 576.091
2399.8 573.741
2850.77 602.092
2561.59 567.696
2427.28 580.633
2569.94 572.843
2731.34 576.8
2496.74 566.997
2551.74 579.767
2563.38 579.273
2352.94 577.56
2539.59 578.923
2549.03 560.735
2663.63 565.882
2570.04 561.126
2428.34 580.649
2570.78 571.19
2320.22 567.636
2576.29 578.494
2604.4 591.726
2478.89 563.398
2425.45 600.963
2370.54 606.705
2324.44 570.296
2475.87 586.397
2436.11 581.56
2590.73 567.003
2671.45 576.282
2354.9 589.251
2612.99 565.934
2465.4 598.912
2499.49 574.942
2580.42 577.522
2530.35 570.381
2340.81 579.45
2436.49 581.503
2560.95 577.978
2589.24 562.556
2391.73 572.685
2463.9 572.817
2487.54 574.181
2484.72 581.039
2520.34 578.78
2334.77 576.096
2819.65 576.45
2474.74 572.192
2618.47 578.686
2539.33 579.611
2624.94 594.767
2525.26 582.823
2567.74 574.828
2447.78 587.031
2538.19 582.357
2458.79 609.662
2591.44 574.682
2218.39 571.663
2618.2 588.515
2719.85 581.063
2543.28 576.287
2567.2 572.799
2686.98 571.656
2705.56 585.071
2641.34 592.38
2686.24 587.571
2438.31 574.018
2447.84 582.616
2373.75 577.989
2585.38 589.245
2358.07 584.365
2429.03 566.54
2547.46 588.7
2544.01 584.421
2424.41 575.201
2572.24 581.132
2450.15 568.973
2558.41 585.495
2375 581.921
2431.13 592.865
2447.07 578.515
2465.1 573.113
2438.43 593.793
2304.73 571.474
2618.92 572.52
S
2595.02 594.56
2362.63 585.464
2415.62 578.161
2613.35 592.433
2430.52 586.858
2589.07 575.52
2494.94 578.379
2373.72 590.79
2498.56 571.365
2602.76 600.541
2527.68 587.235
2500.32 587.581
2624.91 601.948
2553.4 586.324
2454.92 591.062
2329.55 569.345
2568.65 578.629
2543.07 601.559
2587.89 569.254
2466.7 610.645
2569.42 567.588
2573.76 576.381
2405.39 595.593
2429.55 582.498
2527.38 580.483
2525.38 586.808
2611.93 563.011
2642.53 568.051
2652.26 581.166
2257.24 584.576
2503.22 592.206
2445.65 583.991
2416.39 594.924
2626.9 604.955
2581.62 576.797
2539.74 576.547
2410.49 585.364
2418.34 596.188
2545.76 601.742
2698.3 601.014
2587.74 567.976
2438.12 590.807
2555.56 583.062
2460.04 586.22
2634.24 591.797
2678.88 577.369
2484.1 579.019
2416.16 566.418
2609.75 590.988
2638.99 570.781
2452.92 601.17
2498.82 566.796
2582.59 583.997
2494.5 566.152
2590.31 588.077
2416.99 594.788
2497.92 605.208
2651.4 601.852
2530.98 594.496
2477.94 579.42
2405.06 580.091
2411.81 581.167
2515.95 616.986
2411.8 594.461
2714.51 576.218
2245.26 592.657
2554.78 590.837
2491.26 587.004
2268.49 588.287
2452.12 619.07
2673.32 593.787
2541.44 574.168
2447.79 597.194
2478.23 565.922
2600.15 606.407
2314.83 591.253
2578.04 596.782
2661.87 582.3
2613.06 568.128
2665.59 584.365
2487.56 606.818
2580.26 598.156
2619.64 595.052
2389.05 577.399
2585.82 580.703
2416.66 564.714
2389.09 583.155
2537.45 592.43
2310.82 581.146
2538.69 573.49
2407.2 588.752
2341.2 592.454
2500.17 590.63
2536.73 581.76
2642.16 596.346
2658.52 579.297
2509.61 582.178
2419.41 595.317
2677.69 588.758
2541.79 603.321
2388.95 573.038
2444.04 580.648
2430.96 599.488
2433.47 581.527
2403.8 571.727
2634.78 595.093
2667.69 595.858
2423.99 583.559
2430.23 573.852
2377.48 596.188
2677.34 579.882
2322.79 582.466
2465.52 600.082
2517.77 625.192
2454.23 575.238
2473.22 577.395
2479.55 588.487
2424.47 583.903
2523.03 572.477
2389.55 591.223
2703.68 574.364
2485.09 619.545
2689.82 591.129
2645.06 620.887
2565.47 579.202
2401.73 574.242
2604.84 577.863
2505.06 594.503
2705.57 588.701
2730.71 575.254
2553.77 586.04
2366.46 596.398
2623.09 585.879
2570.79 593.485
2613.39 597.308
2474.51 576.824
2716.83 583.662
2529.64 583.151
2403.98 581.279
2515.61 593.068
2638.69 586.748
2435.95 581.512
2471.2 596.643
2540.05 594.179
2361.99 598.334
2570.41 598.594
2551.53 578.81
2527.68 585.197
2662.05 594.136
2565.2 579.015
2327.78 585.7
2533.97 588.665
2706.93 585.449
2572.59 597.523
2715.79 578.636
2480.43 590.234
2497.67 580.368
2361.11 576.124
2510.35 580.769
2508.4 591.798
2476.86 602.045
2399.56 587.49
2624.8 589.201
2307.68 595.323
2486.39 578.822
2491.32 588.42
2617.4 574.851
2294.14 585.333
2434.01 600.332
2549.56 599.963
2364.75 584.884
2657.07 582.237
2536.83 590.473
2532 592.099
2398.55 600.559
2305.78 597.736
2627.88 582.06
2579.38 592.809
2491.02 588.815
2595.75 595.078
2299.3 575.713
2543.58 592.466
2579.5 592.984
2513.1 583.921
2482.09 596.969
2462.9 593.998
2348.39 582.805
2609.35 587.935
2407.69 596.492
2399.8 581.193
2363.75 593.914
2481.38 574.889
2632.04 593.121
2439.26 586.676
2345.03 597.32
2380.43 585.924
2609.34 588.271
2335.02 580.214
2578.23 590.965
2817.66 600.905
rd100.tsp
G
53772.3 8612.1
51786.8 8532.31
56627.5 8440.39
56377.9 8298.55
59648.8 8191.86
57437.4 8575.88
58946.2 8333.07
57615.1 8514.97
57158.2 8555.89
54772.9 8429.97
55912.7 8594.72
52673 8351.16
56590.9 8315.07
55289.4 8612.8
52357.5 8406.22
57814.8 8759.82
59742.5 8213.78
54494.1 8633.34
57006.9 8750.59
56249.5 8741.61
51141.3 8527.82
52045.6 8464.69
51191.1 8425.09
54225.9 8466.01
51621.2 8550.91
55405.8 8609.33
48718.7 8621.01
58273.9 8497.13
52337.6 8410.62
55331.5 8437.83
56024.3 8215.08
53715 8715.3
56179.1 8385.38
56855.4 8642.3
57426.7 8388.66
55688.1 8408.35
53845.7 8883.11
58463.4 8510.66
54899.2 8367.39
55484.4 8167.09
54119.5 8415.11
55399.1 8497.22
54913 8356.46
56601.9 8507.98
52280.6 8343.16
51183.4 8648.95
54904.7 8357.79
55646.8 8761.31
59753.5 8301.47
56499.4 8616.76
54411.5 8425.21
54455.2 8004.28
55621.1 8135.94
56563.4 8468.44
59053 8290.31
54522.7 8436.13
57670.7 8383.45
54398.1 8549.7
56134.8 8132.77
55337.7 8558.89
56522.3 8964.1
55278.1 8189.22
55531.1 8784.76
53256.5 8621.15
57231.8 8356.23
57497.4 8560.14
57195.4 8424.54
57504.2 8310.97
54802.1 8484.63
58260.9 8160.17
55181.7 8576.08
56870.1 8469.73
54385.8 8493.35
57897.9 8170.77
55312.3 8394.64
56923.3 8836.1
56675.5 8701.18
56578.6 8388.47
54981.6 8222.05
56321.4 8533.86
54249.5 8648.3
55339.3 7999.47
49226.5 8126
55766.6 8429.37
56258.2 8392.38
58244.2 8303.91
56634 8617.84
55910.8 8330.3
52381.6 8077.4
54077.1 8331.96
60631.9 8332.01
52708.7 8253.9
55767.5 8034.78
51814.1 8970.35
50926.4 8941.61
56051.1 8471.39
48970.2 8780.15
56330.2 8985.65
56725.6 8632.88
51735.5 8692.98
58099.9 8529.42
50733.6 8486.57
50798.3 8433.9
63150.7 8926.44
56058.8 8439.63
56987 8560.09
57783.9 8463.41
57300.7 8520.1
52908.2 8536.69
58307.9 8856.39
55386.9 8727.76
55597 8206.01
60622.9 8478.19
54236.2 8537.47
57586.1 8785.91
57553.3 8653.58
58821 8587.97
56164.3 8390.46
55618.7 8424.3
54781.3 8855.25
53249.6 8507.18
56127 8730.58
56366.5 8256.89
52847.9 8367.1
59926 8485.3
59984 8670.85
54319.9 8325.83
57568.4 8298.85
59302.3 8466.6
53166.9 8383.83
55070.3 8568.17
48597.5 8592.14
52170.6 8450.79
58812 8407.43
57476 8984.27
56150.8 8588.98
53955.1 8329.44
55178.3 8900.84
54988.1 8366.84
56082.7 8613.93
57152.1 8462.15
53555.2 8712.9
53209.2 8520.23
55776.1 8696.38
50690.5 8593.85
52121.7 8648.59
50875.5 8395.03
54735.3 8158.4
56598.6 8543.39
54758.7 8500.01
56642.6 8311.44
58472.9 8527.2
58313.3 8327.28
58943.6 8483.08
56372.3 8475.78
54979.8 8406.88
53697.1 9029.26
56898.9 8489.44
60108.2 8835
52494.3 8301.74
56117 8285.08
51911.2 8378.58
53337 8142.9
54905.2 8523.54
58426.9 8680.29
57091.2 8787.64
58400.6 8784.18
55663.9 8579.04
56345.3 8369.62
57138 8210.85
58213.2 8893.99
57653 8083.68
54447 8618.09
56790.6 8470.02
53643.4 9112.09
53557.5 8205.87
56829.7 8541.4
53661.7 8474.31
55875.2 8545.08
54617.4 8762.5
59038.2 8399.74
54866 8294.92
58437.6 8372.65
52584.7 8218.18
59041.6 8327.62
48597.1 8271.26
55031.9 8697.55
61450.8 8653.88
58759.4 8202.77
53819.8 8817.8
52308.3 8269.64
58028.8 8255.45
58604.7 9028.99
56720.2 8580.84
57946.6 8434.82
60686.4 8435.09
57450 8446.77
56665.8 8204.55
56792.8 8598.54
56710.5 8429.36
S
53931.6 8738.44
54102.5 8139.8
55174.9 8747.68
56824.6 8605.52
56305.6 8296.01
59974.1 8849.38
55808 8719.37
54399.8 8441.29
51833.4 8512.48
55276.9 8328.7
55456 8820.63
53155 8755.07
56610.8 8160.05
52249.7 9039.62
56050.1 8626.22
54405.5 8183.16
55948.5 8369.37
55307.2 8247.77
56525.2 9033.25
55281.8 8331.66
56483.2 8687.7
57675.7 8445.55
56506.8 8581.31
58018.7 8629.31
55704.2 9081.16
53130.3 8612.99
50758.1 8517.87
57661 8764.23
56884 8740.77
54071.4 8895.84
58366 8250.8
54800.2 8499.4
53800.7 8390.74
55746.8 8551.18
55154.3 8789.93
55738.5 8338.76
52788.2 9354.14
58099.9 8546.86
50399.7 8534.7
56653 8644.76
54638.4 8412.37
55621.1 8689.49
57603.5 8581.26
53715.3 8612.7
53177.6 8312.52
59470.5 8324.62
54651.9 8852.11
56742.1 8522.79
52905.2 8903.85
54964.2 8529.16
54711.7 8943.47
49592.6 8279.6
53399.1 8564.3
60438.9 8563.6
56519.6 8591.38
55173.2 8930.13
57283.7 8382.52
58330.1 8688.89
58609.9 8613.99
59748.3 8491.98
57663 8426.09
56549.1 8500.29
58791.9 8452.35
54221.7 8749.95
55274.9 8460.5
59469.9 8591.29
54935.2 8462.44
52701.5 8513.86
54502.6 8573.84
52764.6 8112.44
55670.6 8406.36
55460.1 8261.83
51755.7 8316.77
54398.3 8453.07
52983.8 8547.05
53021.1 8590.2
59252.7 8542.64
53470.1 8946.84
58258.8 8182.04
55717.7 8465.49
56533.4 8669.35
53628 8651.56
52529.5 8842.54
56749.9 8422.78
53100.4 8637.47
53748 8295.76
55625.1 8591.53
53556.5 8525.9
56673.7 8376.56
55881 8470.75
55556.4 8699.29
54487.6 8973.5
55213 8304.2
55112.8 8549.92
57348.2 8683.53
56933.8 8542.02
55332.3 8266.29
59926 8385.55
57087.8 8513.8
54458.9 8290.93
55108.4 8533.54
55623.4 8371.74
56052.5 8388.52
52324.2 8467.35
57027.8 8574.77
57707 8155.39
54080.1 8987.84
55996.5 8491.47
56555.2 8048.33
54988.3 8484.33
55642.3 8485.53
54791.7 8205.3
50009.9 8464.85
53118.3 8666.05
56187.2 8134.09
55694.9 8406.89
57085.6 8819.47
50822.4 8937.83
58359.8 8402.77
56070.3 9111.53
53450 8719.55
55334.3 8396.64
53077.8 8580.56
54352.8 8213.24
57401.3 8254.88
54514.3 8688.33
55006.3 8912.77
54120.5 8656.02
57603 8693.82
56174.5 9050.45
56509.8 8238.51
57970.3 8471.66
57155.2 8631.19
59622 8236.06
56707 8574.63
57136.3 8900.77
54137.7 8817.39
55554.6 8883.19
57720.3 8408.63
56320.6 8612.99
55254.2 8204.4
54218.8 8789.26
56276.2 8497
56106.8 8747.91
57855.2 8584.39
57523.2 8602.03
55509.4 8273.92
55099.2 9046.26
52806.2 8661.45
55616.7 8489.19
55606.6 8592.73
56987.8 8542.07
55530.4 8960.12
55408.8 8626.45
55792.3 8465.89
54237.2 8358.88
59494.1 8560.26
53749.4 8512.61
60037.8 8884.18
54510.3 8738.26
54825.6 8694.69
56962.1 8378.64
57198.4 8150.44
52377.5 8467.05
58699.8 8403.39
51332.8 8859.69
56567.9 8495.04
55462.3 8390.26
59983.8 8501.7
53316.3 8254.95
58937.2 8257.58
58512.5 8079.39
56458.1 8486.03
59073.9 8903.07
57764.1 8921.58
55954.3 8909.33
54690.3 8546.08
55166.1 8511.44
57112.2 8608.44
54015.6 8468.89
53360.6 8586.91
57425.4 8535.81
53541.5 8701.48
55695.1 8593.11
53460.1 8632.34
55029.5 8323.33
53689.1 8966.14
57465.8 8579.15
54003.6 8624.43
55937.7 8253.43
53245.6 8662.79
49509.7 8257.97
56113.2 8377.43
56415.3 8699.55
54838.7 8585.92
52899.9 8369.58
58125.5 8343.21
56105.8 8573.08
57708.2 8428.73
57456.1 8348.28
kroA100.tsp
G
169686 21935.8
179480 21683
200517 22043.4
188172 21385
183239 21962.9
143972 22562.9
176545 22281.3
161189 22728.3
165642 22195.2
170321 22219.4
162389 22249.8
157772 22761
167195 21707.4
171620 22806.2
175102 22134.5
164885 24215.1
173920 21818
168995 22332.7
165741 22604.8
172262 22385.7
158329 22239.9
167707 21882
171944 22139.4
170558 22251.7
175469 21601.1
173039 22407.5
183277 22475
173719 22102.8
154285 21883.3
166400 22729.4
173285 22117.7
189812 22314.7
167603 23088.7
171916 22519
166162 22450
168834 23042.4
160134 22395.8
176667 22896.2
171969 22313.2
173944 23137.5
172827 23036.6
162282 22692.2
171369 22635.9
166920 23795.9
176441 21608
183402 22741.5
176315 22468
180856 21802.5
165105 22079.6
170091 22759.6
177081 22342.4
172199 22067.2
165621 21615.2
178486 22496.2
183819 22040.6
174280 22969.1
160517 22448.3
169305 22692
187963 22132.3
157145 21448.1
175401 21802.5
174881 24052.1
163655 22759.2
182285 23542.2
170402 21656.2
157330 21945.6
169575 23771.5
178231 22077.7
175830 22214.2
171203 21673.1
160547 21817.6
166857 23398
180306 23000
172024 21839.3
167186 24489.9
179594 21511
170067 21728.5
171562 22275.5
177430 22534.3
164264 21954.9
178015 22983.1
170825 21814.5
167437 22870.3
174318 22086.5
168682 21588.1
173957 21709.7
174196 22913.1
165389 22326.7
182196 22340.3
169411 22107.2
192307 22673.8
184804 22121.5
175974 22037.4
167300 23481
169594 22359.6
162763 22725.5
173346 23334.9
163590 22844.2
176860 21929.6
172160 23039.4
171274 23293.8
152342 22216.9
175289 22051.5
167092 22648.2
154506 22793.5
189610 22029.3
168245 22533.5
168367 21612.8
165264 22699
172893 22167.9
172182 21920.1
180514 22532.1
159231 21635
167237 23004.3
171927 23796.6
193119 22197.9
168210 22153.4
147876 22118.1
189791 22422.2
184159 22980.1
178007 21991.5
178034 22473.9
170947 22618.3
184383 22480.6
175946 23215.5
181746 22673.1
167671 23218.2
181315 22509.6
174565 22138.1
152735 21796.8
172793 22323.9
182328 21607
175536 22388.3
165481 23321.6
176307 23427.4
181225 23786.3
167923 23374.2
162227 22341.5
174993 23805.9
165280 21932.5
173773 23675.9
173063 22239.7
167462 22303
173822 21644.7
164701 22198.6
171988 21473
165858 22944.3
175620 22669.5
160884 23050.6
150245 22281.1
165361 21958.8
157211 22385
171841 23729.5
165092 23505.3
165079 21980.8
158869 22822.4
173115 21878.2
172710 22523.1
168617 22828.7
179608 22152
166098 22020.3
177129 21815.9
169094 23667.8
177212 23359.8
175497 21551.5
173436 22401.9
167004 21624.9
172619 22377.7
174160 22307.9
169841 21664.9
178087 22258
167641 22953.9
168725 21860.3
171124 22244.7
169978 22431.1
163814 23093.3
172617 21913
168806 22246.7
165650 21420.6
177057 22151.4
180593 22466.2
172874 23103.9
172911 22195.2
159754 22455.1
174920 23518.5
169831 21947.4
173091 22037.9
163465 22318.4
165367 22717.1
166063 22168.4
184979 21678.7
178189 22923.1
172790 21788.6
162657 21670
160637 22034.7
175084 22150.9
180407 23062
165995 22571
164907 22763.4
162162 22960
S
154355 22560.3
158702 22823
173036 23725
185902 22536.9
183772 22938.4
173653 23165.7
159902 22593.1
170532 22636.7
179169 23666.7
165909 24274
173157 22721.5
180244 22847
184991 22492.6
171241 23305.2
184026 22365
168198 21800.7
164296 22431
162740 21523.4
191308 23492
182362 22269.1
168096 22306.8
169427 23616.4
165754 23436.8
179449 23500.7
164699 22037.2
189731 23705.7
160624 21778.5
172857 22552.1
165946 23452.4
164114 22836.1
164817 22352.8
168917 23914
170215 21966.2
183473 22495.5
166771 22793.5
185849 21845.6
154790 23230
165416 23354.7
165208 23544.8
167981 21963.1
157745 22898
167910 22359.7
168628 22360.1
197768 21864.4
178815 22046.5
157422 23112.1
163036 22253.7
171422 22911.3
168398 22429.4
163537 22723.1
172203 23715.8
173425 23516.1
181866 22616
163941 22720.2
179567 22363.5
170184 22224.9
176088 22455.1
157016 23279.7
183190 23315.8
189695 22958.5
173322 23091.2
172572 22241.1
182850 21998.4
175742 23064.8
167542 22706
167133 22587.4
166414 23941.8
177339 23416.6
166279 21978.8
160983 21888.6
177853 21623
166753 24809.2
168796 22119.2
162489 23092.2
172367 22930.4
168143 21935.8
165965 23097.2
155525 23104.4
174969 23313.3
171378 21998.5
163574 23343.4
169700 24324.6
178519 24501.7
167014 22130.4
164123 21983.5
162338 23291.2
157044 22935.2
162823 23597.5
158007 23001.8
170228 22871.4
173987 22259.5
186474 22655.6
167792 22158.7
181263 22505.1
179537 22634.8
163642 22239.9
173087 22780.9
173983 24090.6
172838 21885.5
173849 22595.4
164932 22832.3
178115 23794.1
167193 21899.6
178303 22383.1
168920 21960
164275 22388.5
157815 23794.6
166350 23860.3
172905 21810.8
165949 23284.9
168564 22317.8
165623 23977.3
168231 22500.1
182536 22911.8
168575 22750
168478 22922.9
164265 21928.2
165802 24053.1
158270 22406.2
166283 22786.5
175552 23375.6
163646 22350.2
178005 22448.7
169382 22672.1
179412 22835.5
177302 22833.4
182830 22478.6
182501 22852.1
175860 22066.7
166677 22443.6
177992 23580.4
166229 22997.2
155825 22172
167624 23200.6
180046 22690.8
167978 22817.2
180732 21629.5
163889 21693.1
190446 23061.3
167564 22065.6
162460 22341.5
181841 23222.4
152163 23824.9
167801 23632.4
170616 22213.1
182646 21470.4
171682 23947.2
175583 21405
168965 22857.9
161865 22213.1
163687 22405.6
173427 22252.5
162879 21438.6
158248 22374.4
162647 22894.1
180653 23254.8
185192 23084.7
169571 23876.4
180332 25001.3
163808 22144.9
171936 22794.9
180171 22450.2
181386 22375.6
183941 23682.3
168657 22706.1
154595 21560.5
166747 21838.9
185430 23197
175939 22493.4
166533 23286.8
175987 22097.7
178590 22957.1
177486 23240
170936 23353.4
175656 22307.9
174845 22960.4
170719 22215.7
161294 23549.9
178069 21585.8
180463 22590.7
166355 23502.7
177019 21994.6
181019 22969.3
172474 22708.5
176134 22697.7
180464 22427.1
165965 23173.5
160231 21922.9
155730 22142.7
175094 21877
173036 23289.9
179106 22613.1
167378 23621.7
169248 21817
161225 22358.8
167557 22205.1
171847 23853
177864 22759
170534 22636.6
171680 23515.4
lin105.tsp
G
109849 15847.7
119111 15133.9
123823 15513.6
123371 15149.9
110934 15450
122205 15582.5
118443 15413
125114 15367.2
121835 15912.8
121252 15211.3
117184 14747
125221 15054.8
132214 14952.3
126654 15336.3
116399 15929.9
123809 15215.8
116689 15177.4
126855 15812.6
130344 15330.4
130186 15930.8
116778 15076.6
115827 15605.3
121798 15211.3
122596 15557
125965 15949.8
124961 16214
122281 15806.9
117043 15715.1
119636 14999.5
127105 15315.1
122620 14753.1
121148 15489.9
127686 14796.4
111251 15222.4
124621 15207.2
127920 14952.3
128112 15574.3
125966 14942.1
118955 15879.4
121031 15133.5
128677 15825.3
121343 15604.1
126291 16198.5
124338 14947.7
128248 14561.4
119063 16357.9
128213 15640.6
127489 15304.8
121003 14953.7
123676 15368.3
122333 14655.1
121098 14917.7
128620 15539.6
131852 15845
117929 15872
128762 14757.1
137354 14693.1
128031 16014.6
115070 14713.7
111105 15033.8
124053 15062.2
125907 15733.9
128140 15164.3
112302 15835.6
130148 14834.6
125171 15592
128177 15570.2
126933 14558.4
121341 15655.4
101276 15322.9
121500 14571
120812 15361.7
126746 14803
123286 15472.1
121466 15205
120696 14705.7
121986 15632.3
128113 15251.3
116108 15264.4
119129 14774.1
124812 15134.8
122517 15808
122796 14778.9
117704 15429.7
117964 15235.1
126323 15146.2
119418 15909.8
124492 15265.2
126906 15856.6
117961 15030.3
120012 15645.4
122992 15037
120350 15492
132077 15086.7
124342 15572.7
135841 16068.9
115015 15876.3
122728 15283.9
119069 14891.7
122479 15647.7
111450 15444.4
120892 15623.5
121097 14675.5
132568 15271.6
116414 15303.7
121092 15725.6
115943 14997.4
121581 14686.9
128668 15435.2
118371 14679
128824 15762.3
120197 15825.4
122449 15041.8
121506 15646.2
120182 15687.2
123522 15714.6
128090 15322.7
124115 15313
126303 14725.6
125184 15248.4
123901 15336.7
117314 14938
128907 14864.5
125147 16370
120164 15563.1
125865 15448.4
118839 14994.7
124265 15268.5
122071 15091.7
122300 15219.6
114655 15156.2
119510 14778.6
128201 15550.1
123676 15669.9
123937 15182.3
119862 15375.3
123777 15857.7
131202 15720.4
124846 15279
123262 15004.9
129010 15337.6
124647 15678
127027 15767.6
119625 15601.8
118944 14593.2
120786 15547.2
126813 14852.8
120044 15729.5
124306 14988.1
123906 15088
120581 15348.5
123033 15067.8
123207 15854.1
124824 15538.6
129193 15343.3
126476 15067.6
127676 15827.1
126106 15919.6
127850 15789.5
118726 14906.5
130870 15620.6
127531 15592.2
123253 14770.8
120667 15051.3
121279 15183.9
142074 14827.4
117607 15315.6
131178 15376.9
129997 15103.5
125216 15604.3
122628 14707.4
115922 15113.5
121532 15511.2
141579 15871.3
125645 15326.5
128070 15023.9
119799 15305.1
124631 15120.1
120887 15546.3
131177 15242.4
126895 16480.1
117519 15635.7
117688 15440.7
119530 15521.6
130471 14901.4
131115 14899.7
116742 14460.2
128393 14667.9
130299 15551.7
122351 15160.9
116363 15386.6
119511 15791.9
121395 16268.8
121198 15194.9
127190 15495.5
115690 14595
121066 15452
125026 15463.1
126661 15207.5
129486 15277.5
S
133390 15418.6
128038 15240.9
125044 15305.6
118035 15899.1
128784 14989
118703 15791.7
116342 15363.3
122698 14638.9
123260 15439.5
122709 15538.4
112889 15060.4
123800 14994.8
129026 15339.4
124307 15468.6
117705 15263.7
125742 15014.4
126181 16024.7
122653 14897
118018 15435.5
112528 15181.6
118269 15723.2
129602 15119.7
120354 15447.8
124099 15340.4
119170 14931.9
123896 15818.8
116468 15161
128042 15623.5
129497 15089.1
112364 15656.7
132736 15019.6
122125 14834.4
126019 15424.5
110026 15308.8
117478 15806.3
118451 15189.6
117379 14782.1
124907 15675.7
120346 14936.1
122457 15407.9
119272 14889.8
129276 15158.8
125737 15522.9
128501 15614.2
123776 15311.8
126576 15653.3
135881 15291.4
117793 15224.6
116408 15614.3
113324 15471.6
130404 15272.7
119743 14831.2
126148 15011.2
123515 15417.9
123280 14843.8
116317 15505.1
125128 14986
125905 15967.9
121955 15420
112785 15765.9
146572 14983.6
131049 15251
124243 15113.9
129371 16869.5
131156 15373.6
129602 14841.7
118237 14545.1
122751 14834.4
129195 15153.8
132483 15226.4
119154 15126.6
132062 14923.2
121053 15209.9
113667 15755.1
124988 14751.7
125809 15511.1
111076 14964.3
119193 15687.9
123828 14666
125088 14788.4
131644 14915.3
120091 14954.9
120208 15052.2
122418 15419.7
119761 15444.2
113513 15421.4
123146 14697.9
133442 14940
128068 14878.6
131369 15537.7
129970 15848.7
125341 16236
114593 15505.1
129754 14714.1
111005 15606.3
129946 15389.3
122904 15468.2
131223 15133.9
132849 15675.6
120276 15412.2
125171 15336.8
120632 15100
114814 15108.8
129262 15966.8
128949 15465.6
121750 15519.6
121781 15140.5
118131 15302.5
123014 14977
126597 15889.2
130996 15923.2
113117 14897.6
133426 14938.5
121870 15159.6
111658 15466.6
112196 15078.1
130559 15332.4
133582 15479.6
122768 14836.7
118970 15153.7
117238 14853.1
121444 15094.2
135024 14861.4
119374 15264
116125 15082
124541 15588
139198 14937.2
120403 15616.8
131758 15321.1
129718 14650.7
124080 15417.2
139359 14916.4
132661 15269.4
127803 15615.6
121658 16000.7
138722 15915
117452 15211.1
124709 14722.2
125878 15871.9
119216 14634.7
122929 16012.9
126286 15419.6
124513 14480.1
126565 15777.5
121178 15241.2
111338 15341.2
122545 15034.9
123992 15483
137218 15248.6
117823 14756.1
130558 15099.2
121532 15227.1
124551 14985.7
127306 15667
119676 15288
122716 15302.3
121966 15566.8
122992 15690.5
128146 15459.7
123197 14796.7
118917 15265.1
117923 15141.7
124825 15646.9
122860 15419.2
116894 15226.3
128540 15503.1
126469 15370.4
133263 15205.4
118159 14891.5
124017 16037.9
124315 15425
120863 15622.4
118417 15602.2
128221 15292.6
127273 16424.4
122851 15189.4
124360 15612.7
124190 15494.3
127604 16022.5
131396 15300.2
120709 15025.8
124315 15223.5
124577 15411.2
123303 15553
124527 15016.2
115065 14702.1
113760 14672.1
124702 15043.5
128739 14874.2
131130 14728.9
125531 15030.3
122093 14860.4
124644 15842.2
125788 15966.4
122364 14809.4
132215 15418.9
119423 14625.7
121123 14795.7
123425 14824.2
116545 14984.7
ch150.tsp
G
55224.2 6958.43
54826.9 7167.91
50694.3 7005.4
54757 6842.24
49949 7140.6
54240.9 7114.86
54677.8 6792.75
52941 6863.3
50399.6 6886.34
56961.8 7104.19
52462.8 6919.54
53842 6838.83
55492.6 6993.39
52198.6 7117.82
56759.5 7219.9
55565.3 7059.18
53686.7 6970.3
52447.2 6965.01
54301.3 6937.88
55611.1 7096.79
54944.6 6893.42
52414.8 6832.18
51261.8 7027.12
53828 7418.97
55213.4 7033.5
54781.9 7023.92
53960.7 7048.76
54655.6 6928.73
55452.8 6954.95
51379.3 6983.2
52177.1 6987.49
54447.7 6901.94
55565 6880.22
54730.2 7063.35
54704.4 6812.47
51691.4 7051.61
53544.4 7226.78
56001.7 7272.76
55356 7260.92
56166.5 6914.72
53108.1 7023.95
54007.5 6861.84
54163.8 7075.28
54316.1 7249.08
52264.7 6894.04
51687.6 6888.53
56039.8 7064.13
51285.7 6997.68
53823.1 7223.7
53050.2 6840.57
54826.9 7203.69
53574.8 7099.32
55958.6 7104.76
53906.3 6753.72
53921.9 7204.6
52387.1 6916.11
52901.5 7171.13
52508.6 7019.7
55047.4 7143.52
51720.3 7148.87
51315.3 6948.98
54268.6 7104.92
55480.2 6835.67
53276.9 6986.36
52475.4 6920.9
52848.7 6875.38
55453.3 7398.73
53479.8 6959.28
54795.5 6884
54942.8 7302.84
54198.9 6887.53
53172.2 6998.1
52286.9 7027.01
53299.2 7077.47
54671.1 6986.19
54687.6 6815.3
56422.5 7014.18
54481.2 6823.46
55370.5 6976.23
53744.7 6860.25
54338.2 7135.19
52504.4 7157.92
54382.8 6937.68
55367 7056.59
49020.9 6956.91
56354 7073.23
53390.5 6979.92
55252.8 7031.71
54926.8 6978.44
53833.1 7157.81
54202.1 6941.7
57982.7 7118.38
55018.3 7097.14
50059.8 6940.55
58321.8 7112.37
53785.6 6789.9
54364.1 6928.58
53451.8 6983.38
52939.7 6956.98
56764.2 7192.84
55250.5 6886.03
52227 6813.28
53425.6 6854.67
52303.4 7017.79
55372 7157.53
51452.8 7169.89
56894.5 6831.66
54303.3 6798.07
53206.1 6906.89
52823.6 6814.39
52291.5 6964.65
54001.7 7140.15
53159.2 7464.89
49477.9 6907.47
55534.4 7232.57
53666.5 6977.97
54222.5 7040.75
53293.2 7046.14
52513.3 7075.45
50736.6 7215.69
54570.4 6906.47
50422.7 6695.98
54463.1 6899.47
52924.5 7212.59
51595.5 6839.59
51320 7019.61
52575.4 7073.32
53063.6 6964.97
54054.8 6869.5
52920.8 6901.85
53739.4 6837.29
52595.3 7080.86
51269.8 7282.05
53457.2 6971.2
51738.4 7010.59
52289.7 7276.6
54290.9 7119.61
53384.7 7081.87
51898.6 6973.04
52186 7231.62
54835.8 6937.67
56974.5 6906.31
56200.8 6895.68
53393.9 7200.33
55999.9 7088.98
57182.7 7044.35
55737.6 6855.78
53846.2 7270.58
54724.6 7102.96
53444.6 6863.08
54018.2 6982.64
55874.4 6892.2
56865.9 6854.5
52336.1 6884.13
50862 6945.01
55946.3 7093.75
56228.3 7118.59
51965.4 7472.75
50816.2 6888.55
52425.5 6784.51
56727.7 6979.72
55415.6 6999.96
52788.3 7142.66
52857.7 6938.71
54083.5 7040.31
56606.2 6981.02
50407 6970.79
55507.5 6962.56
54925.5 7095.28
52682.3 6977.7
55784.1 7177.09
52275.1 7012.18
57091.8 6914.93
54220.5 7132.09
52098.4 7095.47
54825.2 6829.17
53247.5 7224.57
54400.1 6931.38
55509.8 7058.2
55142.4 6669.91
53719.5 7309.22
51131.5 6977.75
54801.2 6836.73
52022.9 6962.91
54493.5 6955.36
54669.1 7030.82
50808.2 6903.12
54766 7126.1
54127.2 7115.48
51612.6 6825.37
51636.8 7004.01
53641.4 6817.16
53677.2 6824.2
49438.3 7003.49
54703.1 7223
53546.9 6875.37
55588.9 6972.63
54085.7 7205.92
50324.4 7110.96
53446.7 6906.35
S
51935.4 7075.17
52691.9 6919.51
55877.3 7123.84
54592.7 7408.26
55893.6 7105.71
55515.5 6992.76
52856.8 6872.06
55831.4 7299.75
50691 7149.08
56757.9 7292.47
54331.8 6851.53
57150.8 7109.71
57806.5 6993.22
55912.1 7175
53082.3 7028.75
53464 7491.46
56332.1 7172.73
53505.1 7034.37
52740.3 7230.04
55432.4 7111.39
56384.3 7204.4
54643.5 7125.04
54609.2 7079.58
56925.1 7241.64
52537.7 7037.1
57933.2 7014.57
52493.3 7135.37
51462.8 6986.88
50877.7 7369.13
52006.5 7036.43
54889.7 7021.24
49814.2 6905.84
56218.1 7104.77
54501 7396.16
55642.5 7449.28
53843 7105.05
55756.2 7141.56
54680.6 7088.79
51076 7167.95
53191 6850.74
50523.8 6943.44
53080.8 7202.61
54269.4 7307.41
51409.2 7226.51
54077.5 7265.87
53854.1 7305.11
56352.1 7536.11
52098.7 7249.23
52787.3 6962.03
54883.2 7183.53
54538.9 7416.42
53126.3 7373.76
54827.2 7172.64
54172.3 7241.84
51205.6 7219.66
54283.1 7002.74
53657 7243.33
53140.2 7148.88
55723.5 6927.76
54868.9 7128.24
55581.7 7037.38
51315.1 6970.3
53924.3 7212.61
53441.9 7093.99
55112.2 6955.03
53345.4 7014.83
52400.7 7156.77
54659.6 7005.17
53608.6 7021.32
52983.6 7130.07
53437.3 7194.98
51927.2 6987.88
53538.5 7161.22
51860.2 7322.66
51322.7 6838.35
53528.2 6866.03
52120.7 7073.15
53128.5 7320.32
55011.9 7148.93
55517 7267.02
53894.9 7067.08
56213 7001.49
53228.5 7288.28
55386 7214.53
54042 7129.84
51653.9 7047.37
50733.1 7358.36
53193.3 7343.41
54048.7 6842.97
56064.6 7093.75
53164.1 7333.01
55014.5 7409.31
54662.4 6842.61
53853.9 6911.27
54763 7105.52
57586.1 7266.35
53130.3 6966.91
53765.2 7176.73
54001.2 7160.38
57721.7 7254.61
53893.3 7250.75
53897.6 7216.4
54284.9 7121.16
56171.9 6875.43
52668.2 7211.83
50882.7 6953.9
54272 7242.6
54570.6 7403.84
55760.4 7216.92
55179.6 6909.45
53510.2 7239.46
55215.9 7252.38
53007.2 7290.22
54654.8 7019.52
54616.6 7595.86
50429 7154.22
53391.2 7189.51
55546.6 7359.56
55357.7 7238.26
53593.7 7327.73
53165.4 7100.53
51947.9 7122.91
53961.1 6968.31
53115.5 7446.85
52957.8 7337.48
53499.3 7496.35
52502.6 7166.72
53299.5 7148.14
54063.4 7204.84
54590.3 6779.49
51571.9 7203.29
53490.1 7308.52
56336.7 6776.4
55096.8 7249.72
53932.9 7319.8
53934.8 7599.96
53490 7112.06
51670.5 6962.13
54058.1 7356.41
55073 7261.25
52928.8 7232.93
55533.3 7395.72
58008.5 7114.33
56771.9 7118.76
52230.2 7320.92
52770.4 7180.87
54304.1 7202.35
52297.6 7429.36
52822 7510.62
55111.9 6843.9
57137.8 6986.24
54494.1 6824.8
51851.5 6889.32
51672.5 7259.06
54500.2 6987.8
55324.5 7293
52797.5 6867.99
51113.2 7036
55701.9 7548.22
53299.1 7220.12
55094.1 7063.85
53700.9 7103.05
56389 7036.14
55516.6 6877.04
53012.8 7391.95
53038.6 7275.82
52733.9 6867.78
52483.8 6976.86
54264.5 7026.24
54909.3 6985.89
53398.5 7094.76
52269.4 6884.13
55078.3 7282.94
55207.3 6958.94
51169.4 7242.69
53894.4 7300.84
56540.1 7468.15
53678.7 6930.1
53794.5 6952.48
55209.2 7339.14
55151 7139.36
53900.4 6971.31
54594.5 7241.72
50856.1 7109.12
56904.6 7112.47
53858.3 6820.95
56384 7180.7
55843.2 7151.06
54113.3 7210.92
54292.1 7378.67
52662.4 7108.46
53967.2 6992.02
52657 6977.72
52585.5 7369.19
52772.2 6951.64
53061.5 7074.78
55164.6 7069.53
52574.2 6917.15
51542.7 7031.17
54170.2 7081.3
pcb442.tsp
pr1002.tsp
