2
berlin52.tsp
7542
H
10200.9 10094.4 9585.9 10299.4 9014.99 9223.29 8866.87 9306.39 9075.41 9162.87 
10200.9 10094.4 9585.9 9585.9 9014.99 9014.99 8866.87 8866.87 8866.87 8866.87 
10200.9 10200.9 10200.9 10299.4 10299.4 10299.4 10299.4 10299.4 10299.4 10299.4 
1 2 3 4 5 6 7 8 9 10 
0 0 0 0 0 0 0 0 0 0 
R
29866.1 29933.1 29952.2 29896.9 29951.4 29955.9 29834.5 29938.4 29880.6 29820 
24253.2 24253.2 23977.2 23977.2 23977.2 23977.2 23049.5 22807.4 22807.4 22807.4 
34366.7 35164.4 35164.4 35164.4 35164.4 35164.4 35164.4 35164.4 35164.4 35164.4 
1489 1504 1503 1503 1503 1503 1504 1505 1502 1502 
0 0 0 0 0 0 0 0 0 0 
RW
29950.2 30108.8 29773 29841.4 29898 29979.5 29630.2 29875.3 29953.5 29834.5 
23867.4 23867.4 23017.8 23017.8 23017.8 23017.8 23017.8 23017.8 23017.8 23017.8 
34007.9 34444.8 34703.3 34703.3 34703.3 34703.3 34703.3 34703.3 34703.3 34867.9 
6669 6623 6597 6603 6636 6544 6612 6605 6633 6695 
0 0 0 0 0 0 0 0 0 0 
G
8277.74 8115.04 7943.25 7986.14 8271.76 8042.34 8270.5 7986.84 7764.04 8462.17 
8277.74 8115.04 7943.25 7943.25 7943.25 7943.25 7943.25 7943.25 7764.04 7764.04 
8277.74 8277.74 8277.74 8277.74 8277.74 8277.74 8277.74 8277.74 8277.74 8462.17 
68924 28029 49026 70901 32529 69601 54533 63378 40228 36259 
161 167 146 180 175 160 166 175 164 140 
S
8255.87 8039.11 7864.58 8074.82 7851.42 8087 8151.7 8329.95 8278.12 8411.65 
8255.87 8039.11 7864.58 7864.58 7851.42 7851.42 7851.42 7851.42 7851.42 7851.42 
8255.87 8255.87 8255.87 8255.87 8255.87 8255.87 8255.87 8329.95 8329.95 8411.65 
55734 55734 71658 67677 61042 62369 69004 59715 53080 58388 
41 41 53 50 45 46 51 44 39 43 
ch150.tsp
6528
H
7656.94 7900.75 7396.55 7582.8 8451.16 7174.65 8119.75 8114.44 8010.54 7675.83 
7656.94 7656.94 7396.55 7396.55 7396.55 7174.65 7174.65 7174.65 7174.65 7174.65 
7656.94 7900.75 7900.75 7900.75 8451.16 8451.16 8451.16 8451.16 8451.16 8451.16 
1 2 3 4 5 6 7 8 9 10 
0 0 0 0 0 0 0 0 0 0 
R
53901.7 53866.8 53888.9 53895.6 53883.9 53881 53916.4 53900.5 53902.5 53922.6 
45235 45235 45235 45235 45235 45235 45235 45235 45235 45235 
60218.7 60286.1 60286.1 61668.1 61668.1 61668.1 61668.1 61668.1 61668.1 61668.1 
9467 9966 9542 9526 9551 9730 9703 9483 9489 9454 
0 0 0 0 0 0 0 0 0 0 
RW
53767.4 54027.3 53957.4 53861.8 53868.7 53740.5 54003.1 53811.6 54019.7 54024.6 
45572.1 45572.1 45572.1 45572.1 45572.1 45572.1 45572.1 45572.1 45572.1 45572.1 
61642 61642 61642 61642 61642 61642 61642 61642 61642 61642 
55594 56878 56928 57037 58503 57088 56777 55743 57193 56823 
0 0 0 0 0 0 0 0 0 0 
G
7184.35 7235.36 7076.8 7145.34 6918.96 7036.67 7315.02 6976.75 6999.26 6870.98 
7184.35 7184.35 7076.8 7076.8 6918.96 6918.96 6918.96 6918.96 6918.96 6870.98 
7184.35 7235.36 7235.36 7235.36 7235.36 7235.36 7315.02 7315.02 7315.02 7315.02 
2014403 1954014 1439137 1817207 1704399 2589252 1789485 2255160 2337784 1272567 
682 618 683 591 690 662 679 612 630 635 
S
7196.41 7291.65 7292.02 6990.9 7210.97 7026.22 7368.51 7139.49 7192.18 7337.82 
7196.41 7196.41 7196.41 6990.9 6990.9 6990.9 6990.9 6990.9 6990.9 6990.9 
7196.41 7291.65 7292.02 7292.02 7292.02 7292.02 7368.51 7368.51 7368.51 7368.51 
1821688 1788160 1698752 1754632 1654048 1776984 1765808 1743456 1810512 1709928 
162 159 151 156 147 158 157 155 161 152 
