9
berlin52.tsp
G
7852.45 7734.11 8114.35 7734.11 8230.45 8265.78 7734.11 8294.8 8294.8 7925.54 
7852.45 7734.11 7734.11 7734.11 7734.11 7734.11 7734.11 7734.11 7734.11 7734.11 
0.00020004
S
7995.09 7844.25 7850.29 7799.61 7749.88 7658.96 8076.42 7844.25 7841.39 7944.5 
7995.09 7844.25 7844.25 7799.61 7749.88 7658.96 7658.96 7658.96 7658.96 7658.96 
0.000275695
TS
8001.64 7944.5 7851.92 7858.22 7838.56 7944.5 8001.64 7838.56 7838.56 7736.35 
8001.64 7944.5 7851.92 7851.92 7838.56 7838.56 7838.56 7838.56 7838.56 7736.35 
0.0395415
SA
7780.29 7682.52 8108.67 7544.37 7544.37 7982.83 8159.9 7949.45 8067.39 7854.17 
7780.29 7682.52 7682.52 7544.37 7544.37 7544.37 7544.37 7544.37 7544.37 7544.37 
0.0813089
st70.tsp
G
693.1 719.453 693.1 723.54 709.837 700.712 736.407 717.415 724.253 708.502 
693.1 693.1 693.1 693.1 693.1 693.1 693.1 693.1 693.1 693.1 
0.000448813
S
691.868 694.479 710.364 695.106 694.575 691.868 751.171 712.124 694.479 710.364 
691.868 691.868 691.868 691.868 691.868 691.868 691.868 691.868 691.868 691.868 
0.000678841
TS
686.621 703.825 712.42 709.932 718.148 690.776 690.691 709.932 688.902 688.873 
686.621 686.621 686.621 686.621 686.621 686.621 686.621 686.621 686.621 686.621 
0.0916182
SA
704.298 694.236 693.379 702.568 694.934 691.937 685.273 693.381 685.489 697.631 
704.298 694.236 693.379 693.379 693.379 691.937 685.273 685.273 685.273 685.273 
0.192094
eil76.tsp
G
570.312 576.041 565.46 576.041 575.931 575.883 565.46 567.934 577.386 578.144 
570.312 570.312 565.46 565.46 565.46 565.46 565.46 565.46 565.46 565.46 
0.00055894
S
571.271 559.315 569.993 573.038 569.475 568.361 571.271 573.327 559.315 571.271 
571.271 559.315 559.315 559.315 559.315 559.315 559.315 559.315 559.315 559.315 
0.000640943
TS
548.818 552.294 552.526 551.027 554.182 552.153 550.797 552.526 554.959 545.831 
548.818 548.818 548.818 548.818 548.818 548.818 548.818 548.818 548.818 545.831 
0.147324
SA
552.326 554.85 562.344 563.35 556.27 557.183 559.952 551.48 551.722 563.853 
552.326 552.326 552.326 552.326 552.326 552.326 552.326 551.48 551.48 551.48 
0.197176
rd100.tsp
G
8775.38 8783.4 8395.96 8351.05 8473.91 8321.87 8671.99 8467.11 8467.11 8174.68 
8775.38 8775.38 8395.96 8351.05 8351.05 8321.87 8321.87 8321.87 8321.87 8174.68 
0.0019518
S
8331.32 8350.24 8396.22 8320.81 8458.72 8603.04 8849.78 8596.05 8705.85 8779.79 
8331.32 8331.32 8331.32 8320.81 8320.81 8320.81 8320.81 8320.81 8320.81 8320.81 
0.00211886
TS
7944.32 8109.68 8141.07 8211.13 8141.26 8141.26 8103.6 8434.59 8207.77 8214.88 
7944.32 7944.32 7944.32 7944.32 7944.32 7944.32 7944.32 7944.32 7944.32 7944.32 
0.171119
SA
8258.64 8260.71 8098.62 8238.26 8149.05 8388.04 8316.36 8443.98 8333.26 8234.63 
8258.64 8258.64 8098.62 8098.62 8098.62 8098.62 8098.62 8098.62 8098.62 8098.62 
0.307758
kroA100.tsp
G
21996.1 22405.9 21996.1 23500.9 22405.9 22241.8 21812.5 22517.8 23500.9 23736 
21996.1 21996.1 21996.1 21996.1 21996.1 21996.1 21812.5 21812.5 21812.5 21812.5 
0.0016948
S
21933.6 21889.6 21710.1 21653.3 21905.5 21905.5 22182.8 21710.1 21459.4 22182.8 
21933.6 21889.6 21710.1 21653.3 21653.3 21653.3 21653.3 21653.3 21459.4 21459.4 
0.00210459
TS
21678.7 21855.2 21777.7 21648.8 22012.6 21653.3 22100.3 22123 22100.3 22054.5 
21678.7 21678.7 21678.7 21648.8 21648.8 21648.8 21648.8 21648.8 21648.8 21648.8 
0.104917
SA
22128 21838 21365.5 21514.4 21825.5 21573 22203.9 22765.6 22389.8 21688.5 
22128 21838 21365.5 21365.5 21365.5 21365.5 21365.5 21365.5 21365.5 21365.5 
0.246415
lin105.tsp
G
15110.5 14921.7 15104.5 14971.1 14921.7 14609.8 15847.1 15110.5 14921.7 15847.1 
15110.5 14921.7 14921.7 14921.7 14921.7 14609.8 14609.8 14609.8 14609.8 14609.8 
0.0022454
S
14782.1 15012.9 14626.8 14648.2 14811 15589.5 14782.1 14937.2 14667.8 14954.1 
14782.1 14782.1 14626.8 14626.8 14626.8 14626.8 14626.8 14626.8 14626.8 14626.8 
0.00238892
TS
14843.4 14516.9 14959.7 14723.7 15187.6 14649.4 15025.4 14667.8 14784.7 14959.7 
14843.4 14516.9 14516.9 14516.9 14516.9 14516.9 14516.9 14516.9 14516.9 14516.9 
0.0909636
SA
14593.3 14643.2 14995.1 14645.1 14629.6 14876.8 14490.8 14484.7 14559.2 14600.2 
14593.3 14593.3 14593.3 14593.3 14593.3 14593.3 14490.8 14484.7 14484.7 14484.7 
0.327194
ch150.tsp
G
6775.07 6964.44 6955.09 6628.43 6783.78 6783.78 6728.69 6733.74 7024.91 6767.66 
6775.07 6775.07 6775.07 6628.43 6628.43 6628.43 6628.43 6628.43 6628.43 6628.43 
0.00379401
S
6672.28 6656.22 6740.59 6635.51 6656.22 6660.34 6675.35 6608.99 6675.35 6776.1 
6672.28 6656.22 6656.22 6635.51 6635.51 6635.51 6635.51 6608.99 6608.99 6608.99 
0.004437
TS
6744.24 6725.92 6642.47 6836 6844.24 6576.74 6688.56 6703.11 6656.22 6727.1 
6744.24 6725.92 6642.47 6642.47 6642.47 6576.74 6576.74 6576.74 6576.74 6576.74 
0.197327
SA
6899.65 6979.13 6839.76 6833.37 6872.98 6730.29 6845.81 6699.88 6749.01 6681.87 
6899.65 6899.65 6839.76 6833.37 6833.37 6730.29 6730.29 6699.88 6699.88 6681.87 
0.596353
pcb442.tsp
G
53768.2 52621.3 53850.6 54388.5 53467.9 53134.8 53610.3 52969.8 54313.7 54055.6 
53768.2 52621.3 52621.3 52621.3 52621.3 52621.3 52621.3 52621.3 52621.3 52621.3 
0.0891327
S
52847.6 53383.6 52645.4 52512 52406.7 52406.7 52877.4 52837.1 52935.4 52635.2 
52847.6 52847.6 52645.4 52512 52406.7 52406.7 52406.7 52406.7 52406.7 52406.7 
0.0960286
TS
51993.4 51545.2 52122.8 52158.8 52075.5 51759.8 52435.3 52139.7 52896.2 52517.8 
51993.4 51545.2 51545.2 51545.2 51545.2 51545.2 51545.2 51545.2 51545.2 51545.2 
7.0662
SA
53655.9 54519.4 53645.3 54249.9 53418.7 53800.8 53982.8 54794.4 54358.7 54055.3 
53655.9 53655.9 53645.3 53645.3 53418.7 53418.7 53418.7 53418.7 53418.7 53418.7 
9.1156
pr1002.tsp
G
282554 279763 281192 274819 275637 277985 276565 275349 278628 277559 
282554 279763 279763 274819 274819 274819 274819 274819 274819 274819 
1.8388
S
271751 270406 274819 271961 271023 274248 268608 272055 271082 274822 
271751 270406 270406 270406 270406 270406 268608 268608 268608 268608 
1.6055
TS
272979 271137 268085 269364 273444 271312 266623 270764 267007 270594 
272979 271137 268085 268085 268085 268085 266623 266623 266623 266623 
29.5566
SA
278951 282841 283493 283168 278955 279936 283539 282095 279832 277947 
278951 278951 278951 278951 278951 278951 278951 278951 278951 277947 
58.0864
